TrainingAccuracy: 0.886
TestAccuracy: 0.8026574342659306
infeasible
infeasible
infeasible
infeasible
infeasible
infeasible
no_sol
no_sol
no_sol
no_sol
-0.40665342601787485: 0 -10 0 0 0 0 0 -5 10 -10 0 0 0 -30 0 -30 0 0 0 0 5 0 0 0 0 0 0 0 0 0 0 0 0 -10 30 5 -2
-0.7358490566037735: 1 -30 0 0 0 0 0 0 0 -10 0 0 0 -50 20 0 0 0 0 0 20 0 0 -2 -30 0 2 0 -50 -20 0 0 0 0 30 0 0
-0.7358490566037735: 1 -30 0 0 0 0 0 0 0 -10 0 0 0 -50 20 0 0 0 0 0 20 0 0 -2 -30 0 2 0 -50 -20 0 0 0 0 30 0 0
-0.7358490566037735: 1 -30 0 0 0 0 0 0 0 -10 0 0 0 -50 20 0 0 0 0 0 20 0 0 -2 -30 0 2 0 -50 -20 0 0 0 0 30 0 0
-0.7437934458788481: 0 -50 2 2 0 0 0 0 30 -20 0 0 30 -50 0 0 0 -2 0 0 50 0 0 0 -30 0 0 0 -50 -30 0 0 0 -30 50 0 -1
-0.753227408142999: 0 -50 2 2 0 0 0 0 30 -20 0 0 30 -50 0 0 0 -2 0 0 50 0 50 0 -30 0 0 0 -50 -30 0 0 0 -30 50 0 -1
-0.839622641509434: 2 -30 5 0 0 2 20 0 0 -10 0 0 0 -50 20 0 0 0 5 -10 0 -10 0 -30 -30 0 2 0 -50 0 0 20 0 0 30 0 0
-0.8584905660377359: 0 -30 10 0 0 2 20 0 10 -10 2 10 20 -30 0 0 0 -2 0 0 0 -20 0 -30 -20 0 5 0 -50 0 0 0 0 0 30 0 -1
-0.8679245283018868: 0 -30 10 0 0 2 20 0 10 -10 2 10 30 -30 0 0 0 -2 0 0 0 -20 10 -30 -20 0 5 0 -50 0 0 0 0 0 30 0 -1
-0.8679245283018868: 0 -30 10 0 0 2 20 0 10 -10 2 10 30 -30 0 0 0 -2 0 0 0 -20 10 -30 -20 0 5 0 -50 0 0 0 0 0 30 0 -1
-0.8679245283018868: 0 -30 10 0 0 2 20 0 10 -10 2 10 30 -30 0 0 0 -2 0 0 0 -20 10 -30 -20 0 5 0 -50 0 0 0 0 0 30 0 -1
-0.8679245283018868: 0 -30 10 0 0 2 20 0 10 -10 2 10 30 -30 0 0 0 -2 0 0 0 -20 10 -30 -20 0 5 0 -50 0 0 0 0 0 30 0 -1
-0.8679245283018868: 0 -30 10 0 0 2 20 0 10 -10 2 10 30 -30 0 0 0 -2 0 0 0 -20 10 -30 -20 0 5 0 -50 0 0 0 0 0 30 0 -1
-0.8679245283018868: 0 -30 10 0 0 2 20 0 10 -10 2 10 30 -30 0 0 0 -2 0 0 0 -20 10 -30 -20 0 5 0 -50 0 0 0 0 0 30 0 -1
-0.8718967229394241: 0 -20 2 10 -5 2 0 -10 10 -10 -5 0 50 -50 0 0 0 5 10 -5 0 -20 0 -30 -10 0 5 0 -50 0 10 20 0 -10 50 30 -1
-0.8718967229394241: 0 -20 2 10 -5 2 0 -10 10 -10 -5 0 50 -50 0 0 0 5 10 -5 0 -20 0 -30 -10 0 5 0 -50 0 10 20 0 -10 50 30 -1
-0.890764647467726: 0 0 10 20 2 2 0 -10 50 -10 -5 0 20 -50 -10 -2 0 -2 0 5 0 -20 -10 -20 -10 0 5 0 -50 0 10 10 0 -10 30 20 -1
-0.9339622641509434: 0 0 10 20 2 2 0 -10 20 -10 -5 0 20 -50 -10 -2 0 -2 0 5 0 -20 -10 -20 -10 0 5 0 -50 0 10 10 0 -10 30 20 -1
-0.9433962264150944: 0 0 10 20 5 2 -2 -10 30 -10 -10 -2 20 -30 -10 -5 0 -5 0 5 2 -20 -10 -20 -10 0 5 0 -50 0 10 10 0 -10 30 20 -1
-0.9433962264150944: 0 0 10 20 5 2 -2 -10 30 -10 -10 -2 20 -30 -10 -5 0 -5 0 5 2 -20 -10 -20 -10 0 5 0 -50 0 10 10 0 -10 30 20 -1
-0.9433962264150944: 0 0 10 20 5 2 -2 -10 30 -10 -10 -2 20 -30 -10 -5 0 -5 0 5 2 -20 -10 -20 -10 0 5 0 -50 0 10 10 0 -10 30 20 -1
-0.9433962264150944: 0 0 10 20 5 2 -2 -10 30 -10 -10 -2 20 -30 -10 -5 0 -5 0 5 2 -20 -10 -20 -10 0 5 0 -50 0 10 10 0 -10 30 20 -1
-0.9433962264150944: 0 0 10 20 5 2 -2 -10 30 -10 -10 -2 20 -30 -10 -5 0 -5 0 5 2 -20 -10 -20 -10 0 5 0 -50 0 10 10 0 -10 30 20 -1
-0.9433962264150944: 0 0 10 20 5 2 -2 -10 30 -10 -10 -2 20 -30 -10 -5 0 -5 0 5 2 -20 -10 -20 -10 0 5 0 -50 0 10 10 0 -10 30 20 -1
-0.9433962264150944: 0 0 10 20 5 2 -2 -10 30 -10 -10 -2 20 -30 -10 -5 0 -5 0 5 2 -20 -10 -20 -10 0 5 0 -50 0 10 10 0 -10 30 20 -1
-0.9433962264150944: 0 0 10 20 5 2 -2 -10 30 -10 -10 -2 20 -30 -10 -5 0 -5 0 5 2 -20 -10 -20 -10 0 5 0 -50 0 10 10 0 -10 30 20 -1
-0.9433962264150944: 0 0 10 20 5 2 -2 -10 30 -10 -10 -2 20 -30 -10 -5 0 -5 0 5 2 -20 -10 -20 -10 0 5 0 -50 0 10 10 0 -10 30 20 -1
