TrainingAccuracy: 0.892
TestAccuracy: 0.7991952839898943
no_sol
no_sol
no_sol
no_sol
no_sol
no_sol
no_sol
no_sol
no_sol
no_sol
no_sol
-0.14191419141914186: -1 -20 0 0 -50 0 20 0 0 0 0 10 20 0 30 0 0 0 2 0 30 0 0 0 0 0 0 0 0 0 0 0 0 0 20 20 -50
-0.27260726072607266: 0 -5 0 0 0 0 5 0 0 0 0 2 0 0 2 -10 0 -5 0 0 0 -30 -50 -20 -10 0 0 0 20 0 0 0 0 0 5 0 -1
-0.2924092409240925: 0 -5 0 0 -10 0 5 0 0 0 0 2 0 0 2 -10 0 -5 0 0 0 -30 -50 -20 -10 0 0 0 20 0 0 0 0 0 5 0 -1
-0.3023102310231024: 0 -5 0 0 -2 0 5 -5 0 0 0 2 0 0 2 -10 0 -5 0 0 0 -30 -50 -20 -10 0 0 0 20 0 0 0 0 0 5 0 -1
-0.3221122112211221: 0 -10 -2 0 0 0 10 0 0 0 0 5 0 0 2 -30 0 -10 0 0 50 -30 -50 0 -30 0 0 -50 0 0 0 -2 0 -5 10 0 -1
-0.3419141914191419: 0 -10 -2 0 -50 0 10 0 0 0 0 5 0 0 2 -30 0 -10 0 0 50 -20 -50 0 -30 0 0 -50 0 0 0 -2 0 -5 10 0 -1
-0.35181518151815183: 0 -10 -2 0 -50 0 5 0 0 0 0 5 20 0 2 -30 0 -30 0 0 50 -30 -50 0 -30 0 0 -50 0 0 0 -2 0 -5 10 0 -1
-0.35181518151815183: 0 -10 -2 0 -50 0 5 0 0 0 0 5 20 0 2 -30 0 -30 0 0 50 -30 -50 0 -30 0 0 -50 0 0 0 -2 0 -5 10 0 -1
-0.36171617161716174: 0 -10 0 0 -50 2 5 0 0 -10 0 2 20 0 2 0 0 -20 0 -10 50 0 0 5 -10 0 2 -5 30 0 0 0 2 0 20 10 -50
-0.39141914191419147: 0 -10 0 0 -50 2 5 2 0 -10 0 2 20 0 0 -30 0 -30 0 -10 50 0 0 5 -10 0 2 -5 30 0 0 0 2 0 20 10 -50
-0.39141914191419147: 0 -10 0 0 -50 2 5 2 0 -10 0 2 20 0 0 -30 0 -30 0 -10 50 0 0 5 -10 0 2 -5 30 0 0 0 2 0 20 10 -50
-0.39141914191419147: 0 -10 0 0 -50 2 5 2 0 -10 0 2 20 0 0 -30 0 -30 0 -10 50 0 0 5 -10 0 2 -5 30 0 0 0 2 0 20 10 -50
-0.39141914191419147: 0 -10 0 0 -50 2 5 2 0 -10 0 2 20 0 0 -30 0 -30 0 -10 50 0 0 5 -10 0 2 -5 30 0 0 0 2 0 20 10 -50
-0.39141914191419147: 0 -10 0 0 -50 2 5 2 0 -10 0 2 20 0 0 -30 0 -30 0 -10 50 0 0 5 -10 0 2 -5 30 0 0 0 2 0 20 10 -50
-0.39141914191419147: 0 -10 0 0 -50 2 5 2 0 -10 0 2 20 0 0 -30 0 -30 0 -10 50 0 0 5 -10 0 2 -5 30 0 0 0 2 0 20 10 -50
-0.39141914191419147: 0 -10 0 0 -50 2 5 2 0 -10 0 2 20 0 0 -30 0 -30 0 -10 50 0 0 5 -10 0 2 -5 30 0 0 0 2 0 20 10 -50
-0.39141914191419147: 0 -10 0 0 -50 2 5 2 0 -10 0 2 20 0 0 -30 0 -30 0 -10 50 0 0 5 -10 0 2 -5 30 0 0 0 2 0 20 10 -50
-0.39141914191419147: 0 -10 0 0 -50 2 5 2 0 -10 0 2 20 0 0 -30 0 -30 0 -10 50 0 0 5 -10 0 2 -5 30 0 0 0 2 0 20 10 -50
-0.39141914191419147: 0 -10 0 0 -50 2 5 2 0 -10 0 2 20 0 0 -30 0 -30 0 -10 50 0 0 5 -10 0 2 -5 30 0 0 0 2 0 20 10 -50
-0.39141914191419147: 0 -10 0 0 -50 2 5 2 0 -10 0 2 20 0 0 -30 0 -30 0 -10 50 0 0 5 -10 0 2 -5 30 0 0 0 2 0 20 10 -50
-0.39141914191419147: 0 -10 0 0 -50 2 5 2 0 -10 0 2 20 0 0 -30 0 -30 0 -10 50 0 0 5 -10 0 2 -5 30 0 0 0 2 0 20 10 -50
-0.39141914191419147: 0 -10 0 0 -50 2 5 2 0 -10 0 2 20 0 0 -30 0 -30 0 -10 50 0 0 5 -10 0 2 -5 30 0 0 0 2 0 20 10 -50
-0.39141914191419147: 0 -10 0 0 -50 2 5 2 0 -10 0 2 20 0 0 -30 0 -30 0 -10 50 0 0 5 -10 0 2 -5 30 0 0 0 2 0 20 10 -50
-0.39141914191419147: 0 -10 0 0 -50 2 5 2 0 -10 0 2 20 0 0 -30 0 -30 0 -10 50 0 0 5 -10 0 2 -5 30 0 0 0 2 0 20 10 -50
-0.39141914191419147: 0 -10 0 0 -50 2 5 2 0 -10 0 2 20 0 0 -30 0 -30 0 -10 50 0 0 5 -10 0 2 -5 30 0 0 0 2 0 20 10 -50
-0.39141914191419147: 0 -10 0 0 -50 2 5 2 0 -10 0 2 20 0 0 -30 0 -30 0 -10 50 0 0 5 -10 0 2 -5 30 0 0 0 2 0 20 10 -50
