TrainingAccuracy: 0.87
TestAccuracy: 0.812295312061383
infeasible
no_sol
no_sol
no_sol
no_sol
no_sol
no_sol
0.5: 0 0 0 0 0 0 0 0 0 -5 0 0 0 -50 0 0 0 0 0 -50 2 0 0 0 0 0 0 0 -2 0 0 -5 0 0 5 0 -1
-0.17521367521367526: -1 0 0 2 0 0 0 0 0 -30 0 0 0 -50 0 0 0 0 0 0 50 0 0 0 0 0 0 -50 -30 20 0 0 0 0 30 0 0
-0.18376068376068377: -1 0 0 2 0 0 0 0 0 -30 0 0 0 -50 0 0 0 0 0 -50 50 0 0 0 0 0 0 -50 -30 20 0 0 0 0 30 0 0
-0.20940170940170943: -1 0 0 2 0 0 0 -50 0 -30 0 0 0 -50 0 0 0 -10 0 0 50 0 0 0 0 0 0 -50 -30 20 0 0 0 0 30 0 0
-0.20940170940170943: -1 0 0 2 0 0 0 -50 0 -30 0 0 0 -50 0 0 0 -10 0 0 50 0 0 0 0 0 0 -50 -30 20 0 0 0 0 30 0 0
-0.20940170940170943: -1 0 0 2 0 0 0 -50 0 -30 0 0 0 -50 0 0 0 -10 0 0 50 0 0 0 0 0 0 -50 -30 20 0 0 0 0 30 0 0
-0.36752136752136755: 0 0 0 0 -5 5 0 -50 0 -20 0 0 0 -30 0 0 0 0 0 0 0 -30 -30 -50 -5 0 0 0 20 2 20 -10 0 0 30 0 0
-0.4017094017094017: 0 -10 0 0 -5 5 0 0 0 -20 -20 0 0 -30 0 0 0 0 0 0 2 -30 -30 -30 -5 0 0 0 20 0 20 -10 0 0 30 0 0
-0.4017094017094017: 0 -10 0 0 -5 5 0 0 0 -20 -20 0 0 -30 0 0 0 0 0 0 2 -30 -30 -30 -5 0 0 0 20 0 20 -10 0 0 30 0 0
-0.4017094017094017: 0 -10 0 0 -5 5 0 0 0 -20 -20 0 0 -30 0 0 0 0 0 0 2 -30 -30 -30 -5 0 0 0 20 0 20 -10 0 0 30 0 0
-0.4017094017094017: 0 -10 0 0 -5 5 0 0 0 -20 -20 0 0 -30 0 0 0 0 0 0 2 -30 -30 -30 -5 0 0 0 20 0 20 -10 0 0 30 0 0
-0.4444444444444444: 0 -30 0 -2 0 0 0 -50 20 -30 0 0 5 -50 2 0 0 0 5 0 50 0 -50 -10 -5 0 0 -50 -10 0 20 -30 0 0 50 0 -1
-0.4444444444444444: 0 -30 0 -2 0 0 0 -50 20 -30 0 0 5 -50 2 0 0 0 5 0 50 0 -50 -10 -5 0 0 -50 -10 0 20 -30 0 0 50 0 -1
-0.4444444444444444: 0 -30 0 -2 0 0 0 -50 20 -30 0 0 5 -50 2 0 0 0 5 0 50 0 -50 -10 -5 0 0 -50 -10 0 20 -30 0 0 50 0 -1
-0.4444444444444444: 0 -30 0 -2 0 0 0 -50 20 -30 0 0 5 -50 2 0 0 0 5 0 50 0 -50 -10 -5 0 0 -50 -10 0 20 -30 0 0 50 0 -1
-0.4444444444444444: 0 -30 0 -2 0 0 0 -50 20 -30 0 0 5 -50 2 0 0 0 5 0 50 0 -50 -10 -5 0 0 -50 -10 0 20 -30 0 0 50 0 -1
-0.4444444444444444: 0 -30 0 -2 0 0 0 -50 20 -30 0 0 5 -50 2 0 0 0 5 0 50 0 -50 -10 -5 0 0 -50 -10 0 20 -30 0 0 50 0 -1
-0.4444444444444444: 0 -30 0 -2 0 0 0 -50 20 -30 0 0 5 -50 2 0 0 0 5 0 50 0 -50 -10 -5 0 0 -50 -10 0 20 -30 0 0 50 0 -1
-0.45299145299145294: -1 -10 5 10 0 2 0 -50 0 -30 -20 -10 0 -50 0 2 0 5 2 -50 50 0 0 0 0 0 10 -5 20 5 30 -20 0 -5 50 20 -50
-0.45299145299145294: -1 -10 5 10 0 2 0 -50 0 -30 -20 -10 0 -50 0 2 0 5 2 -50 50 0 0 0 0 0 10 -5 20 5 30 -20 0 -5 50 20 -50
-0.45299145299145294: -1 -10 5 10 0 2 0 -50 0 -30 -20 -10 0 -50 0 2 0 5 2 -50 50 0 0 0 0 0 10 -5 20 5 30 -20 0 -5 50 20 -50
-0.45299145299145294: -1 -10 5 10 0 2 0 -50 0 -30 -20 -10 0 -50 0 2 0 5 2 -50 50 0 0 0 0 0 10 -5 20 5 30 -20 0 -5 50 20 -50
-0.45299145299145294: -1 -10 5 10 0 2 0 -50 0 -30 -20 -10 0 -50 0 2 0 5 2 -50 50 0 0 0 0 0 10 -5 20 5 30 -20 0 -5 50 20 -50
-0.45299145299145294: -1 -10 5 10 0 2 0 -50 0 -30 -20 -10 0 -50 0 2 0 5 2 -50 50 0 0 0 0 0 10 -5 20 5 30 -20 0 -5 50 20 -50
-0.45299145299145294: -1 -10 5 10 0 2 0 -50 0 -30 -20 -10 0 -50 0 2 0 5 2 -50 50 0 0 0 0 0 10 -5 20 5 30 -20 0 -5 50 20 -50
-0.45299145299145294: -1 -10 5 10 0 2 0 -50 0 -30 -20 -10 0 -50 0 2 0 5 2 -50 50 0 0 0 0 0 10 -5 20 5 30 -20 0 -5 50 20 -50
-0.45299145299145294: -1 -10 5 10 0 2 0 -50 0 -30 -20 -10 0 -50 0 2 0 5 2 -50 50 0 0 0 0 0 10 -5 20 5 30 -20 0 -5 50 20 -50
-0.46153846153846156: 0 -30 -5 2 -10 0 -5 -50 20 -30 -10 5 10 -50 -2 20 0 0 5 -50 50 -2 0 0 0 0 10 -50 -20 0 30 -30 0 0 50 0 -1
-0.46153846153846156: 0 -30 -5 2 -10 0 -5 -50 20 -30 -10 5 10 -50 -2 20 0 0 5 -50 50 -2 0 0 0 0 10 -50 -20 0 30 -30 0 0 50 0 -1
-0.46153846153846156: 0 -30 -5 2 -10 0 -5 -50 20 -30 -10 5 10 -50 -2 20 0 0 5 -50 50 -2 0 0 0 0 10 -50 -20 0 30 -30 0 0 50 0 -1
