TrainingAccuracy: 0.732
TestAccuracy: 0.6470062555853441
infeasible
infeasible
infeasible
infeasible
infeasible
infeasible
infeasible
infeasible
no_sol
no_sol
no_sol
0.014898145332927992: 50 2 0 0 0 -30 0 0 -2 0 30 0 0 0 5 1 0 0 0 50 0 0 -2 0 10 50 -30 0
0.014898145332927992: 50 2 0 0 0 -30 0 0 -2 0 30 0 0 0 5 1 0 0 0 50 0 0 -2 0 10 50 -30 0
0.014898145332927992: 50 2 0 0 0 -30 0 0 -2 0 30 0 0 0 5 1 0 0 0 50 0 0 -2 0 10 50 -30 0
0.014898145332927992: 50 2 0 0 0 -30 0 0 -2 0 30 0 0 0 5 1 0 0 0 50 0 0 -2 0 10 50 -30 0
-0.17037653422092786: -2 50 20 0 0 -50 0 10 -2 30 50 0 -2 0 0 0 0 0 -50 0 0 0 -2 0 50 30 -20 1
-0.5431662159350947: 0 30 30 10 2 -2 -20 30 -30 50 5 0 0 0 -10 0 20 0 0 20 0 0 0 0 20 -5 -50 -1
-0.5431662159350947: 0 30 30 10 2 -2 -20 30 -30 50 5 0 0 0 -10 0 20 0 0 20 0 0 0 0 20 -5 -50 -1
-0.5752668384247333: 0 30 30 20 -10 2 -30 30 -30 50 0 0 -5 0 -10 1 20 0 -2 20 0 0 2 0 30 -10 -50 0
-0.5831719767646542: 0 50 30 30 -2 -5 -20 30 -30 50 -2 0 -20 0 -30 0 20 0 5 20 0 0 0 -5 30 -10 -50 -2
-0.591269142756557: -50 50 30 30 -2 -5 -20 30 -30 50 -2 0 -20 0 -30 0 20 0 5 20 0 0 0 -5 30 -10 -50 -2
-0.591269142756557: -50 50 30 30 -2 -5 -20 30 -30 50 -2 0 -20 0 -30 0 20 0 5 20 0 0 0 -5 30 -10 -50 -2
-0.591269142756557: -50 50 30 30 -2 -5 -20 30 -30 50 -2 0 -20 0 -30 0 20 0 5 20 0 0 0 -5 30 -10 -50 -2
-0.591269142756557: -50 50 30 30 -2 -5 -20 30 -30 50 -2 0 -20 0 -30 0 20 0 5 20 0 0 0 -5 30 -10 -50 -2
-0.591269142756557: -50 50 30 30 -2 -5 -20 30 -30 50 -2 0 -20 0 -30 0 20 0 5 20 0 0 0 -5 30 -10 -50 -2
-0.591269142756557: -50 50 30 30 -2 -5 -20 30 -30 50 -2 0 -20 0 -30 0 20 0 5 20 0 0 0 -5 30 -10 -50 -2
-0.591269142756557: -50 50 30 30 -2 -5 -20 30 -30 50 -2 0 -20 0 -30 0 20 0 5 20 0 0 0 -5 30 -10 -50 -2
-0.591269142756557: -50 50 30 30 -2 -5 -20 30 -30 50 -2 0 -20 0 -30 0 20 0 5 20 0 0 0 -5 30 -10 -50 -2
