TrainingAccuracy: 0.808
TestAccuracy: 0.7850844468561351
infeasible
infeasible
no_sol
no_sol
no_sol
no_sol
-0.24348607367475295: 0 -30 0 0 0 0 0 -50 50 0 0 0 50 0 0 0 20 0 0 0 -30 -30
-0.25157232704402516: -30 -5 0 0 0 0 0 -30 50 0 0 5 0 10 0 0 0 0 0 0 -20 -2
-0.2812219227313567: 0 0 0 0 0 2 0 -2 30 0 0 50 0 0 0 -20 5 -5 0 0 -30 -30
-0.40131775980832585: 0 -20 0 0 0 -20 0 -30 30 0 0 0 2 0 0 0 2 -5 20 0 -20 -1
-0.40131775980832585: 0 -20 0 0 0 -20 0 -30 30 0 0 0 2 0 0 0 2 -5 20 0 -20 -1
-0.42018568433662773: 0 -50 0 2 -10 -5 0 -50 50 0 20 30 10 0 0 0 0 0 30 0 -50 -30
-0.5244085055405809: 0 -30 0 2 0 -30 0 -30 50 -30 20 0 20 0 0 -20 0 -2 30 0 -50 -1
-0.5342917041030248: 2 -20 0 0 0 -30 0 -50 50 -20 20 0 10 0 0 0 2 -10 20 5 -50 -1
-0.5342917041030248: 2 -20 0 0 0 -30 0 -50 50 -20 20 0 10 0 0 0 2 -10 20 5 -50 -1
-0.5342917041030248: 2 -20 0 0 0 -30 0 -50 50 -20 20 0 10 0 0 0 2 -10 20 5 -50 -1
-0.5720275531596286: 0 -30 0 5 0 -1 0 1 50 -30 30 5 30 -30 -5 -10 10 5 0 2 -50 -30
-0.5720275531596286: 0 -30 0 5 0 -1 0 1 50 -30 30 5 30 -30 -5 -10 10 5 0 2 -50 -30
-0.5720275531596286: 0 -30 0 5 0 -1 0 1 50 -30 30 5 30 -30 -5 -10 10 5 0 2 -50 -30
-0.5810122791254866: 5 -30 0 2 2 -1 0 1 50 -30 30 -5 30 -10 -2 0 10 10 20 5 -50 -50
-0.5908954776879305: -1 -30 0 1 -5 -2 -20 0 50 -30 30 2 30 -30 -10 -5 10 10 2 10 -50 -30
-0.5908954776879305: -1 -30 0 1 -5 -2 -20 0 50 -30 30 2 30 -30 -10 -5 10 10 2 10 -50 -30
