TrainingAccuracy: 0.9
TestAccuracy: 0.8120145971741368
infeasible
infeasible
no_sol
no_sol
no_sol
no_sol
no_sol
no_sol
no_sol
no_sol
no_sol
0.0031578947368421373: 1 0 0 0 0 0 2 0 20 -2 0 0 0 -50 10 0 0 -5 0 -30 30 0 0 0 0 0 20 0 0 0 0 0 0 -20 0 0 -30
-0.16210526315789464: 1 0 0 0 0 0 5 0 0 -2 0 10 -2 -30 20 0 0 -10 0 0 30 0 0 0 -20 0 0 0 5 0 0 0 0 0 20 0 -30
-0.25473684210526315: 0 0 0 0 0 0 5 0 0 -30 -20 -2 0 -50 10 0 0 -20 0 -50 30 -20 0 0 -30 0 0 0 10 -2 0 0 -2 0 0 0 0
-0.25473684210526315: 0 0 0 0 0 0 5 0 0 -30 -20 -2 0 -50 10 0 0 -20 0 -50 30 -20 0 0 -30 0 0 0 10 -2 0 0 -2 0 0 0 0
-0.25473684210526315: 0 0 0 0 0 0 5 0 0 -30 -20 -2 0 -50 10 0 0 -20 0 -50 30 -20 0 0 -30 0 0 0 10 -2 0 0 -2 0 0 0 0
-0.27210526315789474: 1 -10 0 0 0 0 10 0 -50 -2 0 30 0 -30 50 30 0 0 30 0 50 -50 0 0 -30 2 0 -30 0 -2 0 0 0 0 0 0 -50
-0.28210526315789464: 1 -10 0 0 0 0 10 0 -50 -2 0 30 0 -50 50 30 0 0 30 0 50 -50 0 0 -30 2 0 -30 0 -2 0 -30 0 0 0 0 -50
-0.28210526315789464: 1 -10 0 0 0 0 10 0 -50 -2 0 30 0 -50 50 30 0 0 30 0 50 -50 0 0 -30 2 0 -30 0 -2 0 -30 0 0 0 0 -50
-0.28210526315789464: 1 -10 0 0 0 0 10 0 -50 -2 0 30 0 -50 50 30 0 0 30 0 50 -50 0 0 -30 2 0 -30 0 -2 0 -30 0 0 0 0 -50
-0.3073684210526315: 1 -2 0 0 0 0 10 0 -50 -5 0 20 -5 -50 20 0 0 -20 0 -50 50 -2 0 10 -30 0 0 0 20 0 -20 10 0 0 30 2 -50
-0.3173684210526315: 1 -2 0 0 0 2 10 0 0 -5 0 20 -10 -50 20 0 0 -20 0 -30 50 0 0 10 -30 0 0 0 20 0 -20 -50 -2 -5 30 2 -50
-0.33736842105263154: 0 -2 0 0 0 2 10 2 -50 -5 0 20 -10 -50 20 0 0 -20 0 -30 50 0 0 10 -30 0 0 0 20 0 -20 5 -1 -5 30 2 -50
-0.33736842105263154: 0 -2 0 0 0 2 10 2 -50 -5 0 20 -10 -50 20 0 0 -20 0 -30 50 0 0 10 -30 0 0 0 20 0 -20 5 -1 -5 30 2 -50
-0.33736842105263154: 0 -2 0 0 0 2 10 2 -50 -5 0 20 -10 -50 20 0 0 -20 0 -30 50 0 0 10 -30 0 0 0 20 0 -20 5 -1 -5 30 2 -50
-0.33736842105263154: 0 -2 0 0 0 2 10 2 -50 -5 0 20 -10 -50 20 0 0 -20 0 -30 50 0 0 10 -30 0 0 0 20 0 -20 5 -1 -5 30 2 -50
-0.33736842105263154: 0 -2 0 0 0 2 10 2 -50 -5 0 20 -10 -50 20 0 0 -20 0 -30 50 0 0 10 -30 0 0 0 20 0 -20 5 -1 -5 30 2 -50
-0.33736842105263154: 0 -2 0 0 0 2 10 2 -50 -5 0 20 -10 -50 20 0 0 -20 0 -30 50 0 0 10 -30 0 0 0 20 0 -20 5 -1 -5 30 2 -50
-0.33736842105263154: 0 -2 0 0 0 2 10 2 -50 -5 0 20 -10 -50 20 0 0 -20 0 -30 50 0 0 10 -30 0 0 0 20 0 -20 5 -1 -5 30 2 -50
-0.4173684210526315: 1 5 2 0 0 2 30 10 -50 -30 0 10 -2 -50 30 0 0 -30 2 -20 50 -50 -50 -10 -20 0 -2 -2 30 -2 -10 0 0 -10 30 20 -50
-0.4273684210526315: 1 5 2 0 0 2 30 10 -50 -30 0 10 -2 -50 30 0 0 -30 2 -30 50 -50 -50 -10 -30 0 -2 -2 30 -2 -10 0 0 -10 30 20 -50
-0.4273684210526315: 1 5 2 0 0 2 30 10 -50 -30 0 10 -2 -50 30 0 0 -30 2 -30 50 -50 -50 -10 -30 0 -2 -2 30 -2 -10 0 0 -10 30 20 -50
-0.4273684210526315: 1 5 2 0 0 2 30 10 -50 -30 0 10 -2 -50 30 0 0 -30 2 -30 50 -50 -50 -10 -30 0 -2 -2 30 -2 -10 0 0 -10 30 20 -50
-0.4273684210526315: 1 5 2 0 0 2 30 10 -50 -30 0 10 -2 -50 30 0 0 -30 2 -30 50 -50 -50 -10 -30 0 -2 -2 30 -2 -10 0 0 -10 30 20 -50
-0.4273684210526315: 1 5 2 0 0 2 30 10 -50 -30 0 10 -2 -50 30 0 0 -30 2 -30 50 -50 -50 -10 -30 0 -2 -2 30 -2 -10 0 0 -10 30 20 -50
-0.4273684210526315: 1 5 2 0 0 2 30 10 -50 -30 0 10 -2 -50 30 0 0 -30 2 -30 50 -50 -50 -10 -30 0 -2 -2 30 -2 -10 0 0 -10 30 20 -50
-0.4273684210526315: 1 5 2 0 0 2 30 10 -50 -30 0 10 -2 -50 30 0 0 -30 2 -30 50 -50 -50 -10 -30 0 -2 -2 30 -2 -10 0 0 -10 30 20 -50
