TrainingAccuracy: 0.724
TestAccuracy: 0.6444742329460829
no_sol
no_sol
0.2172096908939014: 0 0 5 0 0 0 0 0 0 0 0 0 0 0 0 -2 0 0 0 0 0 0 0 0 0 50 0 0
0.11528822055137844: 0 0 20 0 0 0 0 0 0 0 0 0 0 0 0 0 0 0 -30 0 0 0 0 0 0 50 20 0
-0.044695071010860565: 0 0 30 0 0 0 0 0 0 -20 0 0 0 0 0 0 0 0 -20 0 0 -50 0 0 0 50 0 0
-0.08228905597326652: 0 0 30 0 0 0 0 0 0 -20 0 0 0 0 0 0 0 0 -20 0 0 -50 0 0 30 30 0 0
-0.10693400167084377: 0 0 30 0 0 0 0 0 0 -50 0 0 0 0 0 0 -50 0 0 50 0 0 0 0 50 2 0 -1
-0.18755221386800336: 30 0 30 0 0 -20 0 0 0 -50 0 0 0 0 0 0 0 0 -20 0 0 0 0 30 50 50 0 0
-0.19172932330827075: 0 30 30 0 0 0 -2 0 0 -50 0 0 0 0 0 0 0 0 0 0 0 0 0 2 50 10 -20 -1
-0.22681704260651636: 0 30 30 0 0 0 -5 0 -5 -50 0 0 0 0 0 0 0 0 1 0 0 0 0 5 50 10 -20 0
-0.3362573099415205: 0 0 50 0 -20 0 -30 0 -20 -50 30 0 0 0 0 0 0 0 0 0 0 0 0 10 50 50 -20 1
-0.3400167084377611: 0 0 30 0 -30 0 -20 0 -20 -30 30 0 0 0 30 0 0 0 0 0 0 0 0 20 30 50 -10 1
-0.34168755221386793: 0 0 50 0 -30 0 -20 -2 -10 -30 50 0 0 0 50 0 0 0 0 0 0 0 -20 0 50 20 -5 1
-0.347953216374269: -10 0 30 0 -30 0 -20 -10 -5 -30 30 0 0 0 30 2 0 0 0 0 0 0 0 20 50 20 -10 0
-0.3558897243107769: -10 0 50 0 -30 0 -20 -10 -5 -30 50 0 0 10 50 0 0 0 2 0 0 0 -20 0 20 50 -10 0
-0.3558897243107769: -10 0 50 0 -30 0 -20 -10 -5 -30 50 0 0 10 50 0 0 0 2 0 0 0 -20 0 20 50 -10 0
-0.37176274018379285: 0 -10 50 0 -30 0 -20 -10 -5 -30 50 0 0 10 50 2 -1 0 0 0 0 0 -20 -5 20 50 -10 0
-0.37176274018379285: 0 -10 50 0 -30 0 -20 -10 -5 -30 50 0 0 10 50 2 -1 0 0 0 0 0 -20 -5 20 50 -10 0
-0.37969924812030076: 5 -10 50 0 -30 0 -20 -10 -5 -30 50 0 -10 10 50 2 0 0 0 -2 0 0 -20 -5 20 50 -10 0
-0.4177109440267335: 0 2 30 2 -30 0 -50 30 -20 -50 20 0 -20 0 30 0 0 0 -1 5 5 0 -5 20 50 30 -10 20
-0.418546365914787: -5 10 30 5 -30 0 -50 30 -20 -50 20 0 -10 0 30 -2 0 0 0 5 5 0 -5 20 50 30 -10 20
-0.418546365914787: -5 10 30 5 -30 0 -50 30 -20 -50 20 0 -10 0 30 -2 0 0 0 5 5 0 -5 20 50 30 -10 20
-0.418546365914787: -5 10 30 5 -30 0 -50 30 -20 -50 20 0 -10 0 30 -2 0 0 0 5 5 0 -5 20 50 30 -10 20
-0.418546365914787: -5 10 30 5 -30 0 -50 30 -20 -50 20 0 -10 0 30 -2 0 0 0 5 5 0 -5 20 50 30 -10 20
-0.418546365914787: -5 10 30 5 -30 0 -50 30 -20 -50 20 0 -10 0 30 -2 0 0 0 5 5 0 -5 20 50 30 -10 20
-0.418546365914787: -5 10 30 5 -30 0 -50 30 -20 -50 20 0 -10 0 30 -2 0 0 0 5 5 0 -5 20 50 30 -10 20
-0.4348370927318296: -5 10 30 2 -30 0 -50 0 -20 -50 20 0 -10 -5 30 0 0 50 -1 2 1 -30 -5 20 50 30 -10 20
-0.4348370927318296: -5 10 30 2 -30 0 -50 0 -20 -50 20 0 -10 -5 30 0 0 50 -1 2 1 -30 -5 20 50 30 -10 20
