TrainingAccuracy: 0.71
TestAccuracy: 0.6589216562406911
no_sol
no_sol
no_sol
no_sol
no_sol
no_sol
no_sol
no_sol
no_sol
no_sol
no_sol
no_sol
no_sol
0.01259481894947767: 0 30 -5 30 -10 -10 0 0 5 10 30 0 50 0 0 -2 0 0 -50 0 0 0 0 5 30 30 0 0
0.0027908973808501436: 0 30 -5 30 -10 -10 0 0 5 10 30 0 50 0 20 -2 0 0 -50 0 0 0 0 5 30 30 0 0
0.0027908973808501436: 0 30 -5 30 -10 -10 0 0 5 10 30 0 50 0 20 -2 0 0 -50 0 0 0 0 5 30 30 0 0
-0.0070130241877772725: 0 30 -10 0 0 -50 -30 20 30 -30 10 0 30 0 -20 -2 50 0 0 5 -20 0 -30 0 50 20 0 0
-0.03621010447974804: 50 10 -10 0 0 -50 -30 20 30 -30 10 0 30 0 -50 -2 50 0 0 20 -20 0 -30 0 50 20 0 0
-0.04830399313009881: 50 5 -20 0 0 -50 -30 5 30 -30 20 0 30 0 -50 -2 50 0 0 30 -30 0 -30 0 50 30 -10 0
-0.10712752254186353: 0 30 -50 0 -20 -20 -30 2 -10 -30 0 10 5 0 -50 -1 20 0 0 50 -10 0 -10 0 20 20 -2 50
-0.10984685845140973: 30 20 -30 -5 -10 -20 -30 2 10 -30 5 0 0 0 -50 0 30 0 30 50 0 0 -20 2 10 30 -2 -1
-0.12695005009302984: 30 20 -30 -5 -10 -20 -30 2 10 -30 5 10 0 0 -50 0 20 0 30 50 0 0 -20 2 10 30 -2 -1
-0.12695005009302984: 30 20 -30 -5 -10 -20 -30 2 10 -30 5 10 0 0 -50 0 20 0 30 50 0 0 -20 2 10 30 -2 -1
-0.12695005009302984: 30 20 -30 -5 -10 -20 -30 2 10 -30 5 10 0 0 -50 0 20 0 30 50 0 0 -20 2 10 30 -2 -1
-0.12695005009302984: 30 20 -30 -5 -10 -20 -30 2 10 -30 5 10 0 0 -50 0 20 0 30 50 0 0 -20 2 10 30 -2 -1
-0.12695005009302984: 30 20 -30 -5 -10 -20 -30 2 10 -30 5 10 0 0 -50 0 20 0 30 50 0 0 -20 2 10 30 -2 -1
-0.12695005009302984: 30 20 -30 -5 -10 -20 -30 2 10 -30 5 10 0 0 -50 0 20 0 30 50 0 0 -20 2 10 30 -2 -1
-0.12695005009302984: 30 20 -30 -5 -10 -20 -30 2 10 -30 5 10 0 0 -50 0 20 0 30 50 0 0 -20 2 10 30 -2 -1
