TrainingAccuracy: 0.892
TestAccuracy: 0.8113907863135897
infeasible
infeasible
infeasible
infeasible
infeasible
infeasible
no_sol
0.16021324354657687: 0 0 0 0 0 -20 0 0 0 -30 0 0 0 -50 0 0 0 -30 0 -50 50 0 0 0 -20 0 0 0 0 0 0 0 0 0 0 0 -5
0.1478675645342312: -2 0 0 0 0 -30 0 -20 0 -30 0 0 0 -50 10 0 0 -20 0 0 50 0 0 0 -30 0 0 0 0 0 0 0 0 0 0 0 0
0.13552188552188552: -1 0 0 0 0 -30 0 -50 0 -30 0 0 0 -50 0 0 0 -30 0 0 50 0 0 0 -10 0 0 -10 0 0 0 0 0 0 0 2 0
0.09883557800224467: 0 0 0 0 0 0 10 0 0 -2 0 0 -2 -50 20 0 0 -20 0 0 50 0 0 0 -20 0 0 -50 -30 0 0 0 0 0 0 0 1
0.09722222222222221: 0 0 0 0 0 0 10 0 0 -20 0 0 0 -50 30 20 0 0 10 0 0 -50 0 -30 -10 0 0 -1 2 0 0 0 0 0 0 10 0
0.07870370370370369: 0 0 0 0 0 0 10 0 0 -20 0 0 -20 -50 30 20 0 0 10 0 0 -50 0 -30 -10 0 0 -1 2 0 0 0 0 0 0 10 0
0.07870370370370369: 0 0 0 0 0 0 10 0 0 -20 0 0 -20 -50 30 20 0 0 10 0 0 -50 0 -30 -10 0 0 -1 2 0 0 0 0 0 0 10 0
0.04980359147025812: 0 0 0 0 0 0 20 0 -10 -20 0 0 0 -50 5 0 0 -5 0 0 0 -50 -50 -30 -30 5 0 0 20 0 0 0 -2 0 30 10 0
0.04882154882154882: 0 0 -20 0 0 -30 0 -30 -50 -30 0 10 -10 -50 0 0 0 -30 0 0 50 -20 0 0 -50 0 0 -2 20 0 0 0 5 0 20 0 0
0.017326038159371504: 1 0 0 0 0 0 0 0 5 -20 0 0 -5 -50 20 0 0 -5 0 0 0 -30 -50 -30 -20 0 -2 0 20 0 0 20 0 -2 20 10 0
0.011784511784511786: 1 0 0 0 0 2 0 0 -10 -20 0 0 0 -50 5 5 0 -5 0 0 0 -30 -50 -30 -30 0 -2 0 20 -2 0 0 0 -2 20 10 0
0.007926487093153772: 1 0 0 0 0 2 0 0 10 -20 0 2 0 -50 30 2 0 -10 0 0 0 -30 -50 -30 -20 0 -2 0 20 -2 0 0 0 -2 20 10 0
0.006313131313131298: 1 2 0 0 0 0 0 0 0 -20 0 5 -2 -50 30 0 0 -5 0 -10 30 0 0 5 -30 0 -2 0 20 -30 -30 -5 0 -5 20 10 0
0.006313131313131298: 1 2 0 0 0 0 0 0 0 -20 0 5 -2 -50 30 0 0 -5 0 -10 30 0 0 5 -30 0 -2 0 20 -30 -30 -5 0 -5 20 10 0
0.00273569023569023: 1 2 0 0 0 2 0 2 0 -20 0 10 0 -50 30 2 0 -10 0 -50 0 -30 -50 -30 -30 0 -2 0 20 -2 0 20 0 -2 20 10 0
0.00273569023569023: 1 2 0 0 0 2 0 2 0 -20 0 10 0 -50 30 2 0 -10 0 -50 0 -30 -50 -30 -30 0 -2 0 20 -2 0 20 0 -2 20 10 0
-0.004419191919191906: 1 2 0 0 5 0 -2 2 5 -20 0 -2 0 -50 30 5 0 -5 2 0 0 -30 -50 -30 -30 0 -2 -2 20 0 0 20 0 -5 20 10 0
-0.007365319865319853: 1 5 0 -2 0 0 -5 5 -50 -30 0 5 0 -50 30 10 0 -20 2 -50 50 -20 0 0 -20 0 -5 0 30 0 10 30 0 -20 30 20 -50
-0.007365319865319853: 1 5 0 -2 0 0 -5 5 -50 -30 0 5 0 -50 30 10 0 -20 2 -50 50 -20 0 0 -20 0 -5 0 30 0 10 30 0 -20 30 20 -50
-0.012556116722783395: 1 -5 0 -2 10 0 0 5 -50 -30 0 20 -2 -50 30 10 0 -10 2 -50 50 -10 0 2 -20 2 0 -2 30 0 10 30 0 -30 20 0 -50
-0.012556116722783395: 1 -5 0 -2 10 0 0 5 -50 -30 0 20 -2 -50 30 10 0 -10 2 -50 50 -10 0 2 -20 2 0 -2 30 0 10 30 0 -30 20 0 -50
-0.012556116722783395: 1 -5 0 -2 10 0 0 5 -50 -30 0 20 -2 -50 30 10 0 -10 2 -50 50 -10 0 2 -20 2 0 -2 30 0 10 30 0 -30 20 0 -50
-0.012556116722783395: 1 -5 0 -2 10 0 0 5 -50 -30 0 20 -2 -50 30 10 0 -10 2 -50 50 -10 0 2 -20 2 0 -2 30 0 10 30 0 -30 20 0 -50
-0.012556116722783395: 1 -5 0 -2 10 0 0 5 -50 -30 0 20 -2 -50 30 10 0 -10 2 -50 50 -10 0 2 -20 2 0 -2 30 0 10 30 0 -30 20 0 -50
-0.012556116722783395: 1 -5 0 -2 10 0 0 5 -50 -30 0 20 -2 -50 30 10 0 -10 2 -50 50 -10 0 2 -20 2 0 -2 30 0 10 30 0 -30 20 0 -50
-0.012556116722783395: 1 -5 0 -2 10 0 0 5 -50 -30 0 20 -2 -50 30 10 0 -10 2 -50 50 -10 0 2 -20 2 0 -2 30 0 10 30 0 -30 20 0 -50
-0.012556116722783395: 1 -5 0 -2 10 0 0 5 -50 -30 0 20 -2 -50 30 10 0 -10 2 -50 50 -10 0 2 -20 2 0 -2 30 0 10 30 0 -30 20 0 -50
-0.012556116722783395: 1 -5 0 -2 10 0 0 5 -50 -30 0 20 -2 -50 30 10 0 -10 2 -50 50 -10 0 2 -20 2 0 -2 30 0 10 30 0 -30 20 0 -50
-0.012556116722783395: 1 -5 0 -2 10 0 0 5 -50 -30 0 20 -2 -50 30 10 0 -10 2 -50 50 -10 0 2 -20 2 0 -2 30 0 10 30 0 -30 20 0 -50
-0.012556116722783395: 1 -5 0 -2 10 0 0 5 -50 -30 0 20 -2 -50 30 10 0 -10 2 -50 50 -10 0 2 -20 2 0 -2 30 0 10 30 0 -30 20 0 -50
