TrainingAccuracy: 0.884
TestAccuracy: 0.805776488568666
infeasible
infeasible
infeasible
infeasible
infeasible
infeasible
infeasible
infeasible
no_sol
no_sol
no_sol
no_sol
-0.4078549848942598: 0 0 0 20 -10 5 0 0 0 -30 0 0 0 -50 0 0 0 0 0 0 20 0 0 0 -5 0 0 -1 -50 -10 0 -30 0 0 50 50 0
-0.4078549848942598: 0 0 0 20 -10 5 0 0 0 -30 0 0 0 -50 0 0 0 0 0 0 20 0 0 0 -5 0 0 -1 -50 -10 0 -30 0 0 50 50 0
-0.41389728096676737: 0 0 0 20 0 0 0 -20 0 -2 0 0 0 -50 2 -20 0 0 0 -20 0 -20 0 -20 -2 0 0 0 -50 0 0 -30 0 0 30 30 1
-0.4199395770392749: 0 0 0 20 0 5 0 0 0 -30 0 0 20 -50 -5 -20 0 0 0 0 20 0 0 -5 -5 0 0 -1 -50 -10 0 -50 0 0 50 50 0
-0.43202416918429004: 0 10 2 20 0 5 0 -10 0 -30 0 -10 0 -50 5 0 0 0 0 0 20 0 0 0 -20 -10 0 -1 -50 0 0 -30 0 0 30 50 0
-0.43202416918429004: 0 10 2 20 0 5 0 -10 0 -30 0 -10 0 -50 5 0 0 0 0 0 20 0 0 0 -20 -10 0 -1 -50 0 0 -30 0 0 30 50 0
-0.43202416918429004: 0 10 2 20 0 5 0 -10 0 -30 0 -10 0 -50 5 0 0 0 0 0 20 0 0 0 -20 -10 0 -1 -50 0 0 -30 0 0 30 50 0
-0.4561933534743202: 0 10 0 20 5 0 20 -30 -20 -30 0 0 0 -50 0 0 0 0 0 -30 20 -30 20 -20 5 -10 0 0 -50 0 0 -50 0 0 30 50 2
-0.4561933534743202: 0 10 0 20 5 0 20 -30 -20 -30 0 0 0 -50 0 0 0 0 0 -30 20 -30 20 -20 5 -10 0 0 -50 0 0 -50 0 0 30 50 2
-0.4561933534743202: 0 10 0 20 5 0 20 -30 -20 -30 0 0 0 -50 0 0 0 0 0 -30 20 -30 20 -20 5 -10 0 0 -50 0 0 -50 0 0 30 50 2
-0.4561933534743202: 0 10 0 20 5 0 20 -30 -20 -30 0 0 0 -50 0 0 0 0 0 -30 20 -30 20 -20 5 -10 0 0 -50 0 0 -50 0 0 30 50 2
-0.4561933534743202: 0 10 0 20 5 0 20 -30 -20 -30 0 0 0 -50 0 0 0 0 0 -30 20 -30 20 -20 5 -10 0 0 -50 0 0 -50 0 0 30 50 2
-0.4743202416918429: 0 0 10 20 -5 5 10 -20 0 -20 -10 -5 0 -50 10 -5 0 0 0 -30 20 0 20 -10 -5 0 10 -1 -50 -10 -20 -50 0 0 30 30 0
-0.4743202416918429: 0 0 10 20 -5 5 10 -20 0 -20 -10 -5 0 -50 10 -5 0 0 0 -30 20 0 20 -10 -5 0 10 -1 -50 -10 -20 -50 0 0 30 30 0
-0.4743202416918429: 0 0 10 20 -5 5 10 -20 0 -20 -10 -5 0 -50 10 -5 0 0 0 -30 20 0 20 -10 -5 0 10 -1 -50 -10 -20 -50 0 0 30 30 0
-0.4743202416918429: 0 0 10 20 -5 5 10 -20 0 -20 -10 -5 0 -50 10 -5 0 0 0 -30 20 0 20 -10 -5 0 10 -1 -50 -10 -20 -50 0 0 30 30 0
-0.4743202416918429: 0 0 10 20 -5 5 10 -20 0 -20 -10 -5 0 -50 10 -5 0 0 0 -30 20 0 20 -10 -5 0 10 -1 -50 -10 -20 -50 0 0 30 30 0
-0.4743202416918429: 0 0 10 20 -5 5 10 -20 0 -20 -10 -5 0 -50 10 -5 0 0 0 -30 20 0 20 -10 -5 0 10 -1 -50 -10 -20 -50 0 0 30 30 0
-0.4743202416918429: 0 0 10 20 -5 5 10 -20 0 -20 -10 -5 0 -50 10 -5 0 0 0 -30 20 0 20 -10 -5 0 10 -1 -50 -10 -20 -50 0 0 30 30 0
-0.4743202416918429: 0 0 10 20 -5 5 10 -20 0 -20 -10 -5 0 -50 10 -5 0 0 0 -30 20 0 20 -10 -5 0 10 -1 -50 -10 -20 -50 0 0 30 30 0
-0.4743202416918429: 0 0 10 20 -5 5 10 -20 0 -20 -10 -5 0 -50 10 -5 0 0 0 -30 20 0 20 -10 -5 0 10 -1 -50 -10 -20 -50 0 0 30 30 0
-0.4743202416918429: 0 0 10 20 -5 5 10 -20 0 -20 -10 -5 0 -50 10 -5 0 0 0 -30 20 0 20 -10 -5 0 10 -1 -50 -10 -20 -50 0 0 30 30 0
-0.4743202416918429: 0 0 10 20 -5 5 10 -20 0 -20 -10 -5 0 -50 10 -5 0 0 0 -30 20 0 20 -10 -5 0 10 -1 -50 -10 -20 -50 0 0 30 30 0
-0.4743202416918429: 0 0 10 20 -5 5 10 -20 0 -20 -10 -5 0 -50 10 -5 0 0 0 -30 20 0 20 -10 -5 0 10 -1 -50 -10 -20 -50 0 0 30 30 0
-0.4743202416918429: 0 0 10 20 -5 5 10 -20 0 -20 -10 -5 0 -50 10 -5 0 0 0 -30 20 0 20 -10 -5 0 10 -1 -50 -10 -20 -50 0 0 30 30 0
