TrainingAccuracy: 0.806
TestAccuracy: 0.7861357932578172
infeasible
infeasible
infeasible
no_sol
no_sol
no_sol
-0.0004926108374384286: 0 0 0 0 0 -30 0 -50 50 0 -30 50 0 0 0 0 0 0 0 20 0 -30
-0.039901477832512314: 0 0 0 0 -5 0 0 0 2 0 0 2 5 -5 0 0 0 0 0 2 2 -5
-0.039901477832512314: 0 0 0 0 -5 0 0 0 2 0 0 2 5 -5 0 0 0 0 0 2 2 -5
-0.039901477832512314: 0 0 0 0 -5 0 0 0 2 0 0 2 5 -5 0 0 0 0 0 2 2 -5
-0.046798029556650245: 0 0 0 0 -5 0 2 0 2 0 0 2 5 -5 0 0 0 0 0 2 2 -5
-0.1469622331691297: 0 0 0 0 -5 2 0 -1 20 5 -30 30 0 0 0 0 2 2 -2 0 30 -50
-0.1469622331691297: 0 0 0 0 -5 2 0 -1 20 5 -30 30 0 0 0 0 2 2 -2 0 30 -50
-0.158128078817734: 5 0 0 0 -10 -2 0 -2 30 0 -30 30 20 -5 -5 -5 0 5 0 0 30 -50
-0.158128078817734: 5 0 0 0 -10 -2 0 -2 30 0 -30 30 20 -5 -5 -5 0 5 0 0 30 -50
-0.17274220032840723: -2 0 0 2 -5 1 0 0 20 5 -30 20 10 2 -5 -10 -5 0 0 10 20 -30
-0.19819376026272578: 5 0 0 -2 -10 -1 0 -30 50 -10 -50 50 0 10 2 -10 -10 -2 0 5 50 -50
-0.19819376026272578: 5 0 0 -2 -10 -1 0 -30 50 -10 -50 50 0 10 2 -10 -10 -2 0 5 50 -50
-0.19819376026272578: 5 0 0 -2 -10 -1 0 -30 50 -10 -50 50 0 10 2 -10 -10 -2 0 5 50 -50
-0.19819376026272578: 5 0 0 -2 -10 -1 0 -30 50 -10 -50 50 0 10 2 -10 -10 -2 0 5 50 -50
-0.19819376026272578: 5 0 0 -2 -10 -1 0 -30 50 -10 -50 50 0 10 2 -10 -10 -2 0 5 50 -50
-0.19819376026272578: 5 0 0 -2 -10 -1 0 -30 50 -10 -50 50 0 10 2 -10 -10 -2 0 5 50 -50
