TrainingAccuracy: 0.862
TestAccuracy: 0.7887811164620497
no_sol
no_sol
no_sol
no_sol
no_sol
no_sol
no_sol
-0.0882584712371946: 0 0 0 0 -50 0 0 -50 30 50 -30 0 0 30 0 0 -30 0 0 0 0 -1
-0.10677698975571315: 0 0 0 0 -50 0 0 -50 50 20 -30 0 0 30 0 -30 -20 0 0 0 0 -1
-0.12253743104806936: 0 0 0 0 -50 0 0 -30 5 50 -30 0 0 30 0 -2 -2 0 -20 0 0 -2
-0.16784869976359335: 0 -5 0 -2 -50 0 0 -50 5 50 -5 0 0 5 0 0 -5 0 0 0 2 -1
-0.16784869976359335: 0 -5 0 -2 -50 0 0 -50 5 50 -5 0 0 5 0 0 -5 0 0 0 2 -1
-0.18912529550827423: 0 -30 0 -20 -50 0 0 -50 30 50 -20 0 -30 50 0 -30 -30 0 0 0 2 -1
-0.22340425531914893: 0 -20 0 0 -50 2 0 -30 30 50 -30 0 0 30 -20 -30 0 0 -30 20 20 -30
-0.2474389282899921: 0 0 0 5 -50 -2 0 -50 50 20 20 -30 0 50 0 -2 -30 -30 0 20 30 -50
-0.2687155240346729: 0 -50 0 5 -50 0 0 -50 50 50 -30 1 0 30 0 -50 -10 5 -30 20 30 -50
-0.30851063829787234: 0 -30 0 5 -30 1 0 -50 50 20 20 -10 -2 20 -30 -30 0 0 -30 30 30 -50
-0.3565799842395587: -1 -20 0 0 -20 -20 -30 -50 30 -5 20 -5 -10 20 -10 -10 0 0 -20 10 20 -1
-0.3565799842395587: -1 -20 0 0 -20 -20 -30 -50 30 -5 20 -5 -10 20 -10 -10 0 0 -20 10 20 -1
-0.3565799842395587: -1 -20 0 0 -20 -20 -30 -50 30 -5 20 -5 -10 20 -10 -10 0 0 -20 10 20 -1
-0.3565799842395587: -1 -20 0 0 -20 -20 -30 -50 30 -5 20 -5 -10 20 -10 -10 0 0 -20 10 20 -1
-0.3565799842395587: -1 -20 0 0 -20 -20 -30 -50 30 -5 20 -5 -10 20 -10 -10 0 0 -20 10 20 -1
