TrainingAccuracy: 0.806
TestAccuracy: 0.7861357932578172
infeasible
infeasible
infeasible
no_sol
0.011165845648604261: 0 0 0 0 0 20 0 0 20 0 0 20 0 0 0 0 0 0 0 20 0 -50
-0.06633825944170771: 0 0 0 0 -2 0 0 0 2 0 0 0 2 0 0 0 0 0 0 2 2 -5
-0.07323481116584565: 0 0 0 0 -2 0 2 0 2 0 0 0 2 0 0 0 0 0 0 2 2 -5
-0.07471264367816093: 0 0 0 0 0 0 2 0 2 0 0 2 5 -5 0 0 0 0 0 2 2 -5
-0.07881773399014778: 0 0 0 0 -5 -2 2 -2 20 0 0 10 0 0 0 0 0 0 0 5 10 -30
-0.15385878489326765: 0 0 0 -1 -5 2 0 0 20 2 -20 30 0 0 0 0 2 0 0 0 30 -50
-0.15467980295566502: 0 0 -50 -2 -20 0 0 -5 30 20 -50 50 0 0 0 -1 0 0 0 0 30 -50
-0.15467980295566502: 0 0 -50 -2 -20 0 0 -5 30 20 -50 50 0 0 0 -1 0 0 0 0 30 -50
-0.18866995073891624: 0 0 0 0 -5 1 0 -2 30 0 -30 30 10 0 -5 -5 -2 0 0 20 30 -50
-0.18866995073891624: 0 0 0 0 -5 1 0 -2 30 0 -30 30 10 0 -5 -5 -2 0 0 20 30 -50
-0.22101806239737273: 1 -1 0 -1 -10 0 0 -10 20 0 -10 50 0 0 0 -10 -2 -5 2 10 50 -50
-0.22101806239737273: 1 -1 0 -1 -10 0 0 -10 20 0 -10 50 0 0 0 -10 -2 -5 2 10 50 -50
-0.22101806239737273: 1 -1 0 -1 -10 0 0 -10 20 0 -10 50 0 0 0 -10 -2 -5 2 10 50 -50
-0.22101806239737273: 1 -1 0 -1 -10 0 0 -10 20 0 -10 50 0 0 0 -10 -2 -5 2 10 50 -50
-0.2374384236453202: 2 5 0 -1 -20 0 -10 0 30 10 -50 30 10 0 -2 -10 -10 2 0 2 50 -50
-0.2374384236453202: 2 5 0 -1 -20 0 -10 0 30 10 -50 30 10 0 -2 -10 -10 2 0 2 50 -50
-0.2374384236453202: 2 5 0 -1 -20 0 -10 0 30 10 -50 30 10 0 -2 -10 -10 2 0 2 50 -50
-0.2374384236453202: 2 5 0 -1 -20 0 -10 0 30 10 -50 30 10 0 -2 -10 -10 2 0 2 50 -50
