TrainingAccuracy: 0.894
TestAccuracy: 0.8051838682511463
infeasible
no_sol
no_sol
no_sol
no_sol
no_sol
no_sol
no_sol
no_sol
-0.005681818181818232: 0 -50 0 0 0 0 0 -50 0 -50 0 0 0 -30 0 0 0 0 0 0 30 0 0 0 -10 0 30 0 0 0 0 0 0 -20 0 5 -1
-0.005681818181818232: 0 -50 0 0 0 0 0 -50 0 -50 0 0 0 -30 0 0 0 0 0 0 30 0 0 0 -10 0 30 0 0 0 0 0 0 -20 0 5 -1
-0.005681818181818232: 0 -50 0 0 0 0 0 -50 0 -50 0 0 0 -30 0 0 0 0 0 0 30 0 0 0 -10 0 30 0 0 0 0 0 0 -20 0 5 -1
-0.005681818181818232: 0 -50 0 0 0 0 0 -50 0 -50 0 0 0 -30 0 0 0 0 0 0 30 0 0 0 -10 0 30 0 0 0 0 0 0 -20 0 5 -1
-0.005681818181818232: 0 -50 0 0 0 0 0 -50 0 -50 0 0 0 -30 0 0 0 0 0 0 30 0 0 0 -10 0 30 0 0 0 0 0 0 -20 0 5 -1
-0.005681818181818232: 0 -50 0 0 0 0 0 -50 0 -50 0 0 0 -30 0 0 0 0 0 0 30 0 0 0 -10 0 30 0 0 0 0 0 0 -20 0 5 -1
-0.005681818181818232: 0 -50 0 0 0 0 0 -50 0 -50 0 0 0 -30 0 0 0 0 0 0 30 0 0 0 -10 0 30 0 0 0 0 0 0 -20 0 5 -1
-0.005681818181818232: 0 -50 0 0 0 0 0 -50 0 -50 0 0 0 -30 0 0 0 0 0 0 30 0 0 0 -10 0 30 0 0 0 0 0 0 -20 0 5 -1
-0.005681818181818232: 0 -50 0 0 0 0 0 -50 0 -50 0 0 0 -30 0 0 0 0 0 0 30 0 0 0 -10 0 30 0 0 0 0 0 0 -20 0 5 -1
-0.19204545454545452: -1 -50 0 0 0 0 0 -50 0 -30 0 10 -20 -30 10 2 0 -30 -5 0 50 0 0 0 -30 -20 20 0 5 0 -10 0 0 0 10 2 0
-0.2284090909090909: -1 -50 0 0 0 0 0 -50 0 -30 0 10 -20 -50 10 -30 0 -30 -5 0 50 0 -50 0 -30 -20 20 0 5 0 -10 0 0 0 10 20 0
-0.2284090909090909: -1 -50 0 0 0 0 0 -50 0 -30 0 10 -20 -50 10 -30 0 -30 -5 0 50 0 -50 0 -30 -20 20 0 5 0 -10 0 0 0 10 20 0
-0.31931818181818183: 0 -50 0 5 0 0 -2 -50 -30 0 -10 30 10 0 20 0 0 -30 -2 -30 50 0 -50 1 -20 -5 30 0 0 1 0 0 0 0 30 10 -50
-0.31931818181818183: 0 -50 0 5 0 0 -2 -50 -30 0 -10 30 10 0 20 0 0 -30 -2 -30 50 0 -50 1 -20 -5 30 0 0 1 0 0 0 0 30 10 -50
-0.31931818181818183: 0 -50 0 5 0 0 -2 -50 -30 0 -10 30 10 0 20 0 0 -30 -2 -30 50 0 -50 1 -20 -5 30 0 0 1 0 0 0 0 30 10 -50
-0.31931818181818183: 0 -50 0 5 0 0 -2 -50 -30 0 -10 30 10 0 20 0 0 -30 -2 -30 50 0 -50 1 -20 -5 30 0 0 1 0 0 0 0 30 10 -50
-0.31931818181818183: 0 -50 0 5 0 0 -2 -50 -30 0 -10 30 10 0 20 0 0 -30 -2 -30 50 0 -50 1 -20 -5 30 0 0 1 0 0 0 0 30 10 -50
-0.31931818181818183: 0 -50 0 5 0 0 -2 -50 -30 0 -10 30 10 0 20 0 0 -30 -2 -30 50 0 -50 1 -20 -5 30 0 0 1 0 0 0 0 30 10 -50
-0.31931818181818183: 0 -50 0 5 0 0 -2 -50 -30 0 -10 30 10 0 20 0 0 -30 -2 -30 50 0 -50 1 -20 -5 30 0 0 1 0 0 0 0 30 10 -50
-0.3284090909090909: 0 -50 0 2 -20 0 -5 -50 -30 0 -10 30 10 -50 20 0 0 -30 -2 -30 50 20 -50 0 -10 -2 30 0 0 1 -5 -2 0 0 30 10 -50
-0.3284090909090909: 0 -50 0 2 -20 0 -5 -50 -30 0 -10 30 10 -50 20 0 0 -30 -2 -30 50 20 -50 0 -10 -2 30 0 0 1 -5 -2 0 0 30 10 -50
-0.3284090909090909: 0 -50 0 2 -20 0 -5 -50 -30 0 -10 30 10 -50 20 0 0 -30 -2 -30 50 20 -50 0 -10 -2 30 0 0 1 -5 -2 0 0 30 10 -50
-0.3284090909090909: 0 -50 0 2 -20 0 -5 -50 -30 0 -10 30 10 -50 20 0 0 -30 -2 -30 50 20 -50 0 -10 -2 30 0 0 1 -5 -2 0 0 30 10 -50
-0.3284090909090909: 0 -50 0 2 -20 0 -5 -50 -30 0 -10 30 10 -50 20 0 0 -30 -2 -30 50 20 -50 0 -10 -2 30 0 0 1 -5 -2 0 0 30 10 -50
-0.3284090909090909: 0 -50 0 2 -20 0 -5 -50 -30 0 -10 30 10 -50 20 0 0 -30 -2 -30 50 20 -50 0 -10 -2 30 0 0 1 -5 -2 0 0 30 10 -50
-0.3284090909090909: 0 -50 0 2 -20 0 -5 -50 -30 0 -10 30 10 -50 20 0 0 -30 -2 -30 50 20 -50 0 -10 -2 30 0 0 1 -5 -2 0 0 30 10 -50
-0.3284090909090909: 0 -50 0 2 -20 0 -5 -50 -30 0 -10 30 10 -50 20 0 0 -30 -2 -30 50 20 -50 0 -10 -2 30 0 0 1 -5 -2 0 0 30 10 -50
-0.3284090909090909: 0 -50 0 2 -20 0 -5 -50 -30 0 -10 30 10 -50 20 0 0 -30 -2 -30 50 20 -50 0 -10 -2 30 0 0 1 -5 -2 0 0 30 10 -50
