TrainingAccuracy: 0.74
TestAccuracy: 0.6246648793565683
infeasible
no_sol
no_sol
no_sol
no_sol
no_sol
no_sol
no_sol
0.026324363067700585: 0 50 0 0 0 -2 0 0 -20 0 10 0 0 0 0 0 0 0 0 0 0 0 -10 0 20 2 -5 1
0.026324363067700585: 0 50 0 0 0 -2 0 0 -20 0 10 0 0 0 0 0 0 0 0 0 0 0 -10 0 20 2 -5 1
-0.09604482960839256: 50 50 0 0 0 -2 0 0 -30 2 5 0 0 0 0 0 0 0 -1 50 0 0 -30 0 30 2 0 0
-0.46771355965335243: 0 20 50 0 5 0 0 0 -20 30 20 0 0 0 -50 0 0 0 -10 0 0 0 -50 0 0 5 -10 -1
-0.505831758649899: 0 30 5 0 2 0 0 0 -10 10 2 0 -10 0 0 -1 10 0 0 5 0 0 -20 0 0 2 -5 0
-0.505831758649899: 0 30 5 0 2 0 0 0 -10 10 2 0 -10 0 0 -1 10 0 0 5 0 0 -20 0 0 2 -5 0
-0.5252492343780544: 0 30 5 0 2 0 0 0 -10 10 2 -30 -10 0 -50 -1 10 0 0 5 0 0 -20 0 0 2 -5 0
-0.5252492343780544: 0 30 5 0 2 0 0 0 -10 10 2 -30 -10 0 -50 -1 10 0 0 5 0 0 -20 0 0 2 -5 0
-0.5252492343780544: 0 30 5 0 2 0 0 0 -10 10 2 -30 -10 0 -50 -1 10 0 0 5 0 0 -20 0 0 2 -5 0
-0.5252492343780544: 0 30 5 0 2 0 0 0 -10 10 2 -30 -10 0 -50 -1 10 0 0 5 0 0 -20 0 0 2 -5 0
-0.5542451293412394: -20 30 5 10 -5 -2 -20 10 -10 20 -2 0 -20 0 0 0 20 0 0 5 0 0 5 0 10 2 -20 1
-0.563953867205317: -20 30 5 10 -5 -2 -20 10 -10 20 -2 0 -20 0 -5 1 20 0 0 5 0 0 5 0 10 2 -20 0
-0.563953867205317: -20 30 5 10 -5 -2 -20 10 -10 20 -2 0 -20 0 -5 1 20 0 0 5 0 0 5 0 10 2 -20 0
-0.563953867205317: -20 30 5 10 -5 -2 -20 10 -10 20 -2 0 -20 0 -5 1 20 0 0 5 0 0 5 0 10 2 -20 0
-0.563953867205317: -20 30 5 10 -5 -2 -20 10 -10 20 -2 0 -20 0 -5 1 20 0 0 5 0 0 5 0 10 2 -20 0
-0.563953867205317: -20 30 5 10 -5 -2 -20 10 -10 20 -2 0 -20 0 -5 1 20 0 0 5 0 0 5 0 10 2 -20 0
-0.563953867205317: -20 30 5 10 -5 -2 -20 10 -10 20 -2 0 -20 0 -5 1 20 0 0 5 0 0 5 0 10 2 -20 0
-0.563953867205317: -20 30 5 10 -5 -2 -20 10 -10 20 -2 0 -20 0 -5 1 20 0 0 5 0 0 5 0 10 2 -20 0
-0.563953867205317: -20 30 5 10 -5 -2 -20 10 -10 20 -2 0 -20 0 -5 1 20 0 0 5 0 0 5 0 10 2 -20 0
-0.563953867205317: -20 30 5 10 -5 -2 -20 10 -10 20 -2 0 -20 0 -5 1 20 0 0 5 0 0 5 0 10 2 -20 0
