TrainingAccuracy: 0.848
TestAccuracy: 0.7956318252730109
no_sol
no_sol
no_sol
no_sol
0.007704160246533143: 0 0 0 30 0 0 0 0 30 0 0 0 30 0 0 -30 0 0 0 0 0 -50
0.007704160246533143: 0 0 0 30 0 0 0 0 30 0 0 0 30 0 0 -30 0 0 0 0 0 -50
-0.1906779661016949: 0 0 0 2 0 0 0 0 5 2 0 0 0 2 0 0 0 0 0 2 2 -10
-0.1906779661016949: 0 0 0 2 0 0 0 0 5 2 0 0 0 2 0 0 0 0 0 2 2 -10
-0.1906779661016949: 0 0 0 2 0 0 0 0 5 2 0 0 0 2 0 0 0 0 0 2 2 -10
-0.1906779661016949: 0 0 0 2 0 0 0 0 5 2 0 0 0 2 0 0 0 0 0 2 2 -10
-0.23035439137134053: -30 -30 0 2 0 2 0 0 50 2 0 0 0 5 0 -30 0 0 2 0 5 -30
-0.2588597842835131: -10 -10 0 0 0 2 0 2 30 0 0 2 2 0 0 -10 0 2 2 0 5 -30
-0.32126348228043144: -1 -1 0 1 -10 0 0 0 10 0 0 0 10 10 0 -2 -5 0 2 5 20 -30
-0.37788906009244994: 0 5 0 10 0 2 10 2 10 0 0 2 2 5 0 -5 0 0 5 2 10 -30
-0.37788906009244994: 0 5 0 10 0 2 10 2 10 0 0 2 2 5 0 -5 0 0 5 2 10 -30
-0.389060092449923: -30 -10 0 2 2 -10 0 -5 30 5 0 0 5 20 0 -10 -5 0 2 20 30 -50
-0.389060092449923: -30 -10 0 2 2 -10 0 -5 30 5 0 0 5 20 0 -10 -5 0 2 20 30 -50
-0.389060092449923: -30 -10 0 2 2 -10 0 -5 30 5 0 0 5 20 0 -10 -5 0 2 20 30 -50
-0.42873651771956856: -30 -5 0 2 2 -30 -30 -30 30 0 0 20 20 10 -2 -10 5 2 0 10 50 -50
-0.42873651771956856: -30 -5 0 2 2 -30 -30 -30 30 0 0 20 20 10 -2 -10 5 2 0 10 50 -50
-0.42873651771956856: -30 -5 0 2 2 -30 -30 -30 30 0 0 20 20 10 -2 -10 5 2 0 10 50 -50
-0.42873651771956856: -30 -5 0 2 2 -30 -30 -30 30 0 0 20 20 10 -2 -10 5 2 0 10 50 -50
