TrainingAccuracy: 0.902
TestAccuracy: 0.8144162689872431
infeasible
infeasible
infeasible
infeasible
infeasible
infeasible
no_sol
no_sol
no_sol
no_sol
no_sol
-0.13791518622615828: -1 -20 0 0 -50 0 20 0 0 0 0 10 20 0 30 0 0 0 2 0 30 0 0 0 0 0 0 0 0 0 0 0 0 0 20 20 -50
-0.13791518622615828: -1 -20 0 0 -50 0 20 0 0 0 0 10 20 0 30 0 0 0 2 0 30 0 0 0 0 0 0 0 0 0 0 0 0 0 20 20 -50
-0.3554117834226017: 0 -30 0 0 0 5 20 0 0 0 0 20 0 0 20 0 0 0 0 0 0 -20 0 -50 -50 -5 0 -1 -30 0 0 0 0 -5 30 20 0
-0.363914373088685: 0 -30 0 0 0 5 30 0 0 0 0 20 0 0 20 0 0 0 0 -20 0 -20 0 -50 -50 -10 0 -1 -50 0 0 0 0 -5 30 20 0
-0.3669724770642202: 0 -30 0 0 0 30 50 0 0 0 0 20 50 0 20 0 0 0 0 0 20 0 0 -50 -50 0 10 -5 -50 0 0 0 0 -10 50 30 -50
-0.3669724770642202: 0 -30 0 0 0 30 50 0 0 0 0 20 50 0 20 0 0 0 0 0 20 0 0 -50 -50 0 10 -5 -50 0 0 0 0 -10 50 30 -50
-0.39143730886850153: 0 2 0 0 0 0 2 -5 0 0 10 30 0 -5 10 -20 0 2 0 0 20 0 0 -50 -50 0 0 0 -50 0 -2 0 -1 -1 50 0 -20
-0.3944954128440367: 0 2 0 0 0 0 2 -5 30 0 10 30 0 -5 10 -20 0 2 0 0 20 0 0 -50 -50 0 0 0 -50 0 -2 0 -1 -1 50 0 -20
-0.40061162079510704: 0 5 0 0 0 5 10 0 30 0 10 20 0 -20 30 -10 0 5 0 0 10 0 0 -50 -30 0 0 -1 -50 2 0 0 30 30 30 0 -50
-0.40672782874617736: 0 5 0 2 0 1 10 -1 20 0 10 20 0 -20 30 -10 0 5 0 0 10 0 0 -50 -30 0 0 0 -50 5 0 0 30 30 30 0 -50
-0.40672782874617736: 0 5 0 2 0 1 10 -1 20 0 10 20 0 -20 30 -10 0 5 0 0 10 0 0 -50 -30 0 0 0 -50 5 0 0 30 30 30 0 -50
-0.40672782874617736: 0 5 0 2 0 1 10 -1 20 0 10 20 0 -20 30 -10 0 5 0 0 10 0 0 -50 -30 0 0 0 -50 5 0 0 30 30 30 0 -50
-0.40672782874617736: 0 5 0 2 0 1 10 -1 20 0 10 20 0 -20 30 -10 0 5 0 0 10 0 0 -50 -30 0 0 0 -50 5 0 0 30 30 30 0 -50
-0.40672782874617736: 0 5 0 2 0 1 10 -1 20 0 10 20 0 -20 30 -10 0 5 0 0 10 0 0 -50 -30 0 0 0 -50 5 0 0 30 30 30 0 -50
-0.40672782874617736: 0 5 0 2 0 1 10 -1 20 0 10 20 0 -20 30 -10 0 5 0 0 10 0 0 -50 -30 0 0 0 -50 5 0 0 30 30 30 0 -50
-0.40672782874617736: 0 5 0 2 0 1 10 -1 20 0 10 20 0 -20 30 -10 0 5 0 0 10 0 0 -50 -30 0 0 0 -50 5 0 0 30 30 30 0 -50
-0.40672782874617736: 0 5 0 2 0 1 10 -1 20 0 10 20 0 -20 30 -10 0 5 0 0 10 0 0 -50 -30 0 0 0 -50 5 0 0 30 30 30 0 -50
-0.40672782874617736: 0 5 0 2 0 1 10 -1 20 0 10 20 0 -20 30 -10 0 5 0 0 10 0 0 -50 -30 0 0 0 -50 5 0 0 30 30 30 0 -50
-0.40672782874617736: 0 5 0 2 0 1 10 -1 20 0 10 20 0 -20 30 -10 0 5 0 0 10 0 0 -50 -30 0 0 0 -50 5 0 0 30 30 30 0 -50
-0.40672782874617736: 0 5 0 2 0 1 10 -1 20 0 10 20 0 -20 30 -10 0 5 0 0 10 0 0 -50 -30 0 0 0 -50 5 0 0 30 30 30 0 -50
-0.40978593272171254: 0 10 5 20 20 5 10 -20 20 0 -5 20 0 -20 20 -10 0 0 10 -20 20 -5 0 -10 -50 -20 -5 30 -50 0 -5 -30 -1 1 50 20 -50
-0.41284403669724773: 0 10 5 20 20 5 10 -20 20 0 -5 20 30 -20 20 -10 0 0 10 -20 20 -5 0 -10 -50 -20 -5 30 -50 0 -5 -30 -1 1 50 20 -50
-0.41284403669724773: 0 10 5 20 20 5 10 -20 20 0 -5 20 30 -20 20 -10 0 0 10 -20 20 -5 0 -10 -50 -20 -5 30 -50 0 -5 -30 -1 1 50 20 -50
-0.41284403669724773: 0 10 5 20 20 5 10 -20 20 0 -5 20 30 -20 20 -10 0 0 10 -20 20 -5 0 -10 -50 -20 -5 30 -50 0 -5 -30 -1 1 50 20 -50
-0.41284403669724773: 0 10 5 20 20 5 10 -20 20 0 -5 20 30 -20 20 -10 0 0 10 -20 20 -5 0 -10 -50 -20 -5 30 -50 0 -5 -30 -1 1 50 20 -50
-0.41284403669724773: 0 10 5 20 20 5 10 -20 20 0 -5 20 30 -20 20 -10 0 0 10 -20 20 -5 0 -10 -50 -20 -5 30 -50 0 -5 -30 -1 1 50 20 -50
