TrainingAccuracy: 0.708
TestAccuracy: 0.647899910634495
infeasible
infeasible
infeasible
infeasible
infeasible
no_sol
-0.34255878019091546: 0 0 -20 0 -20 -50 0 0 30 0 0 0 0 0 0 0 0 0 0 50 0 0 0 0 30 30 0 0
-0.5203408290089051: 0 0 0 0 -30 0 -5 -30 0 2 0 0 0 0 0 -1 0 0 0 50 0 0 0 0 30 5 0 0
-0.6158626433467871: 0 50 -5 0 0 0 -30 0 -30 50 0 0 0 0 0 0 0 0 1 50 0 0 -50 0 0 30 0 0
-0.6391184573002755: 0 20 -10 0 0 0 -50 0 -10 50 0 0 0 0 -50 0 0 0 0 30 0 0 -50 0 0 50 0 5
-0.6631430584918958: 30 0 5 -10 0 0 -20 0 -5 20 0 0 0 0 -30 1 0 0 0 20 0 0 -20 0 0 20 0 0
-0.7016464860016657: 30 0 -2 0 -10 0 -50 30 -5 20 0 0 0 0 -20 1 0 0 0 20 0 0 -10 0 0 20 0 0
-0.7264398744314178: 30 0 -5 2 -10 0 -50 30 -2 20 0 0 0 0 -20 0 0 0 1 20 0 0 -10 0 0 20 0 0
-0.7264398744314178: 30 0 -5 2 -10 0 -50 30 -2 20 0 0 0 0 -20 0 0 0 1 20 0 0 -10 0 0 20 0 0
-0.7264398744314178: 30 0 -5 2 -10 0 -50 30 -2 20 0 0 0 0 -20 0 0 0 1 20 0 0 -10 0 0 20 0 0
-0.7274649240822603: 30 0 -5 2 -10 0 -50 30 -2 20 -10 0 10 0 -20 1 0 0 0 20 0 0 -10 0 10 20 0 0
-0.745275161765648: 50 0 -20 20 -30 2 -50 30 -10 30 0 0 2 0 -30 -5 0 0 2 30 0 0 -10 0 0 5 0 20
-0.745275161765648: 50 0 -20 20 -30 2 -50 30 -10 30 0 0 2 0 -30 -5 0 0 2 30 0 0 -10 0 0 5 0 20
-0.7605227753219297: 20 0 -20 20 -30 5 -50 30 -5 30 -2 20 10 0 0 0 -5 0 -2 20 0 0 0 10 20 2 0 -2
-0.7607790377346403: 10 5 -20 20 -30 2 -50 30 -10 30 0 20 5 0 -30 -1 0 0 -5 20 0 0 -10 0 2 5 0 20
-0.7685309757191364: 20 0 -20 20 -30 5 -50 30 -5 30 -2 20 10 0 0 0 -10 0 -5 20 0 0 2 10 20 5 -2 1
-0.7685309757191364: 20 0 -20 20 -30 5 -50 30 -5 30 -2 20 10 0 0 0 -10 0 -5 20 0 0 2 10 20 5 -2 1
-0.7685309757191364: 20 0 -20 20 -30 5 -50 30 -5 30 -2 20 10 0 0 0 -10 0 -5 20 0 0 2 10 20 5 -2 1
-0.7690435005445576: 20 2 -10 20 -30 5 -50 30 -20 50 -2 30 20 0 1 -2 -20 0 -30 2 0 0 -30 -10 -2 20 -2 50
-0.7690435005445576: 20 2 -10 20 -30 5 -50 30 -20 50 -2 30 20 0 1 -2 -20 0 -30 2 0 0 -30 -10 -2 20 -2 50
-0.7690435005445576: 20 2 -10 20 -30 5 -50 30 -20 50 -2 30 20 0 1 -2 -20 0 -30 2 0 0 -30 -10 -2 20 -2 50
-0.7690435005445576: 20 2 -10 20 -30 5 -50 30 -20 50 -2 30 20 0 1 -2 -20 0 -30 2 0 0 -30 -10 -2 20 -2 50
-0.7690435005445576: 20 2 -10 20 -30 5 -50 30 -20 50 -2 30 20 0 1 -2 -20 0 -30 2 0 0 -30 -10 -2 20 -2 50
