TrainingAccuracy: 0.846
TestAccuracy: 0.7889846028623754
infeasible
infeasible
infeasible
infeasible
infeasible
infeasible
no_sol
0.008325624421831657: 0 0 0 0 2 -1 0 -5 50 0 0 20 0 20 0 0 -30 0 0 0 0 -50
-0.09127351218008017: 0 0 0 0 0 1 0 -2 50 0 0 30 0 10 0 0 -10 5 0 0 -5 -50
-0.17052112241751466: 0 0 0 0 0 2 0 -2 50 50 0 30 0 0 0 0 -50 0 30 -20 -50 -50
-0.21307431390687637: 0 0 0 0 0 1 0 -1 50 50 0 5 0 30 30 0 -30 0 0 -20 -50 -50
-0.23435090965155725: 0 0 0 20 0 2 0 -1 50 30 0 30 0 30 30 0 -50 0 0 -10 -50 -50
-0.31267345050878814: 0 0 0 10 0 2 0 -1 30 20 10 0 0 20 20 0 -30 2 0 -10 -30 -30
-0.32716620413197656: 0 0 0 10 0 2 0 -1 30 20 10 -5 0 30 20 0 -30 2 0 -10 -30 -30
-0.34165895775516497: 0 0 0 10 0 1 0 -1 30 20 10 -2 -10 30 20 0 -30 2 0 -10 -30 -30
-0.34165895775516497: 0 0 0 10 0 1 0 -1 30 20 10 -2 -10 30 20 0 -30 2 0 -10 -30 -30
-0.36293555349984585: 0 0 -20 20 0 1 0 -2 50 30 5 -2 -10 50 30 0 -50 20 -2 -20 -50 -50
-0.36293555349984585: 0 0 -20 20 0 1 0 -2 50 30 5 -2 -10 50 30 0 -50 20 -2 -20 -50 -50
-0.36293555349984585: 0 0 -20 20 0 1 0 -2 50 30 5 -2 -10 50 30 0 -50 20 -2 -20 -50 -50
-0.36293555349984585: 0 0 -20 20 0 1 0 -2 50 30 5 -2 -10 50 30 0 -50 20 -2 -20 -50 -50
-0.36293555349984585: 0 0 -20 20 0 1 0 -2 50 30 5 -2 -10 50 30 0 -50 20 -2 -20 -50 -50
-0.36293555349984585: 0 0 -20 20 0 1 0 -2 50 30 5 -2 -10 50 30 0 -50 20 -2 -20 -50 -50
