TrainingAccuracy: 0.892
TestAccuracy: 0.8101431645924956
infeasible
infeasible
infeasible
infeasible
infeasible
infeasible
infeasible
infeasible
no_sol
no_sol
no_sol
no_sol
no_sol
no_sol
-0.3763157894736842: 0 0 0 5 0 -5 0 0 0 -20 -10 0 -20 -50 2 0 0 0 0 -30 30 0 0 0 -20 0 0 0 -5 -5 0 0 0 -2 2 0 -1
-0.3815789473684211: 1 0 0 0 0 -2 0 10 10 -20 -10 0 -20 -50 5 0 0 -10 0 -50 20 0 0 -2 -20 0 0 0 -5 0 0 0 0 0 5 0 0
-0.46894736842105267: 1 0 0 2 0 -2 0 0 0 -20 -10 0 -20 -50 5 -5 0 0 0 -50 20 0 0 -2 -20 0 0 2 -5 -2 0 0 0 0 10 0 0
-0.6294736842105263: 1 0 5 30 0 0 10 0 30 -2 0 30 -5 -50 20 0 0 -20 0 -50 50 0 0 0 -50 0 0 0 -50 -5 0 0 0 0 30 0 -50
-0.6294736842105263: 1 0 5 30 0 0 10 0 30 -2 0 30 -5 -50 20 0 0 -20 0 -50 50 0 0 0 -50 0 0 0 -50 -5 0 0 0 0 30 0 -50
-0.6494736842105263: -1 0 2 10 0 0 2 0 5 -2 0 30 -10 -50 20 0 0 -2 0 -50 50 0 0 0 -30 0 0 0 -30 0 30 10 -50 -50 20 0 0
-0.6594736842105263: 0 0 2 10 0 0 2 10 5 -2 0 20 -10 -50 30 0 0 -2 0 -50 50 0 0 0 -30 0 0 0 -30 0 30 10 -50 -50 10 0 -1
-0.8047368421052632: 0 0 5 10 20 0 2 -5 30 -2 0 30 -10 -50 20 0 0 -2 0 -50 0 -30 0 -50 -50 0 5 0 -50 -5 0 0 0 0 30 0 1
-0.8047368421052632: 0 0 5 10 20 0 2 -5 30 -2 0 30 -10 -50 20 0 0 -2 0 -50 0 -30 0 -50 -50 0 5 0 -50 -5 0 0 0 0 30 0 1
-0.8047368421052632: 0 0 5 10 20 0 2 -5 30 -2 0 30 -10 -50 20 0 0 -2 0 -50 0 -30 0 -50 -50 0 5 0 -50 -5 0 0 0 0 30 0 1
-0.91: 0 -5 -2 2 0 -10 -2 -10 0 -20 -5 2 -20 -50 10 -10 0 0 -2 -50 30 10 0 0 -30 0 2 1 -50 0 10 2 0 -5 5 0 0
-0.91: 0 -5 -2 2 0 -10 -2 -10 0 -20 -5 2 -20 -50 10 -10 0 0 -2 -50 30 10 0 0 -30 0 2 1 -50 0 10 2 0 -5 5 0 0
-0.91: 0 -5 -2 2 0 -10 -2 -10 0 -20 -5 2 -20 -50 10 -10 0 0 -2 -50 30 10 0 0 -30 0 2 1 -50 0 10 2 0 -5 5 0 0
-0.91: 0 -5 -2 2 0 -10 -2 -10 0 -20 -5 2 -20 -50 10 -10 0 0 -2 -50 30 10 0 0 -30 0 2 1 -50 0 10 2 0 -5 5 0 0
-0.91: 0 -5 -2 2 0 -10 -2 -10 0 -20 -5 2 -20 -50 10 -10 0 0 -2 -50 30 10 0 0 -30 0 2 1 -50 0 10 2 0 -5 5 0 0
-0.94: 10 -10 -5 2 0 -5 -2 5 0 -20 -10 -5 -20 -50 10 -2 0 0 -2 -50 20 1 0 -1 -30 -5 0 1 -50 0 10 2 -2 -5 20 2 2
-0.95: 5 -10 -5 2 -1 -5 1 2 0 -20 -10 -5 -20 -50 10 -2 0 1 -1 -50 20 0 0 -1 -20 1 5 2 -50 0 10 2 -2 -5 20 2 0
-0.95: 5 -10 -5 2 -1 -5 1 2 0 -20 -10 -5 -20 -50 10 -2 0 1 -1 -50 20 0 0 -1 -20 1 5 2 -50 0 10 2 -2 -5 20 2 0
-0.95: 5 -10 -5 2 -1 -5 1 2 0 -20 -10 -5 -20 -50 10 -2 0 1 -1 -50 20 0 0 -1 -20 1 5 2 -50 0 10 2 -2 -5 20 2 0
-0.95: 5 -10 -5 2 -1 -5 1 2 0 -20 -10 -5 -20 -50 10 -2 0 1 -1 -50 20 0 0 -1 -20 1 5 2 -50 0 10 2 -2 -5 20 2 0
-0.95: 5 -10 -5 2 -1 -5 1 2 0 -20 -10 -5 -20 -50 10 -2 0 1 -1 -50 20 0 0 -1 -20 1 5 2 -50 0 10 2 -2 -5 20 2 0
-0.95: 5 -10 -5 2 -1 -5 1 2 0 -20 -10 -5 -20 -50 10 -2 0 1 -1 -50 20 0 0 -1 -20 1 5 2 -50 0 10 2 -2 -5 20 2 0
-0.95: 5 -10 -5 2 -1 -5 1 2 0 -20 -10 -5 -20 -50 10 -2 0 1 -1 -50 20 0 0 -1 -20 1 5 2 -50 0 10 2 -2 -5 20 2 0
