TrainingAccuracy: 0.74
TestAccuracy: 0.6246648793565683
no_sol
no_sol
no_sol
no_sol
no_sol
no_sol
no_sol
no_sol
-0.026324363067700585: 0 50 0 0 0 -2 0 0 -20 0 10 0 0 0 0 0 0 0 0 0 0 0 -10 0 20 2 -5 1
-0.03160226754414541: 0 50 0 0 0 -20 0 0 -10 0 30 0 0 0 20 0 0 0 0 50 0 0 0 0 20 20 -30 -5
-0.08614061380074278: 0 30 20 0 0 -2 0 0 -20 -30 0 0 0 0 0 0 0 0 0 50 0 0 0 10 50 2 -5 1
-0.09285202319671593: 50 20 20 0 0 -2 0 0 -20 -30 0 0 0 0 0 0 0 0 0 50 0 0 0 10 50 2 -5 1
-0.1331204795725549: 50 0 20 0 0 -2 0 0 -20 -30 0 -10 0 0 0 0 0 0 1 50 50 0 0 10 50 2 -5 0
-0.1331204795725549: 50 0 20 0 0 -2 0 0 -20 -30 0 -10 0 0 0 0 0 0 1 50 50 0 0 10 50 2 -5 0
-0.1473903694533133: 50 30 0 0 0 -30 -2 0 -20 2 50 0 0 0 50 1 0 0 -30 -5 0 0 0 30 50 30 -5 0
-0.15038769792141782: 50 30 0 0 0 -30 0 -2 -10 -2 30 0 -10 -10 30 0 0 0 -20 0 0 0 0 30 50 20 -10 1
-0.1913729067570209: 50 20 0 0 0 -20 -30 20 -5 0 30 0 0 2 30 -1 0 0 -50 0 0 0 -20 2 20 10 -10 50
-0.1913729067570209: 50 20 0 0 0 -20 -30 20 -5 0 30 0 0 2 30 -1 0 0 -50 0 0 0 -20 2 20 10 -10 50
-0.21150713494494033: 50 20 0 0 -5 -10 -20 -10 -20 5 50 0 5 0 50 -1 30 0 0 50 0 0 -20 2 30 20 -30 0
-0.21150713494494033: 50 20 0 0 -5 -10 -20 -10 -20 5 50 0 5 0 50 -1 30 0 0 50 0 0 -20 2 30 20 -30 0
-0.21150713494494033: 50 20 0 0 -5 -10 -20 -10 -20 5 50 0 5 0 50 -1 30 0 0 50 0 0 -20 2 30 20 -30 0
-0.21150713494494033: 50 20 0 0 -5 -10 -20 -10 -20 5 50 0 5 0 50 -1 30 0 0 50 0 0 -20 2 30 20 -30 0
-0.21150713494494033: 50 20 0 0 -5 -10 -20 -10 -20 5 50 0 5 0 50 -1 30 0 0 50 0 0 -20 2 30 20 -30 0
-0.21150713494494033: 50 20 0 0 -5 -10 -20 -10 -20 5 50 0 5 0 50 -1 30 0 0 50 0 0 -20 2 30 20 -30 0
-0.21150713494494033: 50 20 0 0 -5 -10 -20 -10 -20 5 50 0 5 0 50 -1 30 0 0 50 0 0 -20 2 30 20 -30 0
-0.21150713494494033: 50 20 0 0 -5 -10 -20 -10 -20 5 50 0 5 0 50 -1 30 0 0 50 0 0 -20 2 30 20 -30 0
-0.21150713494494033: 50 20 0 0 -5 -10 -20 -10 -20 5 50 0 5 0 50 -1 30 0 0 50 0 0 -20 2 30 20 -30 0
-0.21150713494494033: 50 20 0 0 -5 -10 -20 -10 -20 5 50 0 5 0 50 -1 30 0 0 50 0 0 -20 2 30 20 -30 0
