TrainingAccuracy: 0.854
TestAccuracy: 0.7854914196567863
infeasible
infeasible
infeasible
infeasible
no_sol
no_sol
0.041530054644808745: -5 -5 0 0 0 0 0 0 2 0 0 0 10 0 0 -5 0 0 -5 0 0 -1
0.02387557797393862: 0 0 0 10 0 -1 0 -1 30 0 0 0 20 0 0 -10 0 0 -10 0 0 -30
0.02387557797393862: 0 0 0 10 0 -1 0 -1 30 0 0 0 20 0 0 -10 0 0 -10 0 0 -30
-0.015889029003783098: -30 -30 0 2 0 0 0 0 50 -1 0 0 30 0 0 -20 0 0 10 0 10 -50
-0.015889029003783098: -30 -30 0 2 0 0 0 0 50 -1 0 0 30 0 0 -20 0 0 10 0 10 -50
-0.02614543926019336: -30 -30 0 0 0 0 0 5 50 -1 0 0 30 0 0 -20 2 0 10 0 10 -50
-0.07742749054224464: -1 -1 0 1 -10 0 0 0 10 0 0 0 10 10 0 -2 -5 0 2 5 20 -30
-0.07742749054224464: -1 -1 0 1 -10 0 0 0 10 0 0 0 10 10 0 -2 -5 0 2 5 20 -30
-0.07742749054224464: -1 -1 0 1 -10 0 0 0 10 0 0 0 10 10 0 -2 -5 0 2 5 20 -30
-0.07742749054224464: -1 -1 0 1 -10 0 0 0 10 0 0 0 10 10 0 -2 -5 0 2 5 20 -30
-0.07742749054224464: -1 -1 0 1 -10 0 0 0 10 0 0 0 10 10 0 -2 -5 0 2 5 20 -30
-0.0934005884825557: -30 -20 -50 -5 0 -2 0 -1 30 30 -20 10 0 10 0 -5 -20 0 5 20 30 -50
-0.0934005884825557: -30 -20 -50 -5 0 -2 0 -1 30 30 -20 10 0 10 0 -5 -20 0 5 20 30 -50
-0.0934005884825557: -30 -20 -50 -5 0 -2 0 -1 30 30 -20 10 0 10 0 -5 -20 0 5 20 30 -50
-0.0934005884825557: -30 -20 -50 -5 0 -2 0 -1 30 30 -20 10 0 10 0 -5 -20 0 5 20 30 -50
-0.0934005884825557: -30 -20 -50 -5 0 -2 0 -1 30 30 -20 10 0 10 0 -5 -20 0 5 20 30 -50
