TrainingAccuracy: 0.732
TestAccuracy: 0.6470062555853441
infeasible
infeasible
infeasible
infeasible
infeasible
infeasible
-0.04987918260229468: 0 50 0 0 0 0 0 -10 -20 0 20 0 0 0 0 0 0 0 0 0 0 0 -20 0 30 0 0 -5
-0.04987918260229468: 0 50 0 0 0 0 0 -10 -20 0 20 0 0 0 0 0 0 0 0 0 0 0 -20 0 30 0 0 -5
-0.4727880814837337: 0 0 30 0 2 0 0 0 -10 10 0 0 0 0 0 -1 0 0 0 5 0 0 -20 0 0 2 -5 0
-0.5044086348434174: 0 0 50 0 0 0 0 -5 -20 20 0 0 -30 0 0 1 0 0 0 10 0 0 -30 0 0 5 -2 0
-0.608423613000272: 0 50 20 20 0 0 -20 0 -30 50 0 0 0 0 0 -1 0 0 0 20 0 0 0 -10 0 20 -30 0
-0.6124721959962235: -30 50 20 20 0 0 -20 0 -30 50 0 0 0 0 0 -1 0 0 0 20 0 0 0 -10 0 20 -30 0
-0.6321390280200349: -30 50 20 20 0 0 -20 2 -30 50 0 0 0 0 0 -1 0 0 0 20 0 0 0 -10 0 20 -30 0
-0.6400441663599559: -30 50 20 20 0 0 -50 50 -30 50 0 0 0 0 0 0 50 0 0 10 0 0 0 -10 0 2 -30 -1
-0.6479493046998768: -30 50 20 20 0 0 -20 20 -30 50 0 0 0 0 0 -2 30 0 0 10 0 0 0 -10 0 2 -30 1
-0.6479493046998768: -30 50 20 20 0 0 -20 20 -30 50 0 0 0 0 0 -2 30 0 0 10 0 0 0 -10 0 2 -30 1
-0.6560464706917797: -50 50 10 10 0 -5 -20 20 -30 50 10 0 -30 0 0 0 10 0 0 20 0 0 0 -5 10 0 -30 2
-0.6638555952057097: -30 50 10 10 0 -5 -20 20 -30 50 10 0 -30 0 0 0 10 0 0 20 0 0 0 -2 20 -10 -30 1
-0.6638555952057097: -30 50 10 10 0 -5 -20 20 -30 50 10 0 -30 0 0 0 10 0 0 20 0 0 0 -2 20 -10 -30 1
-0.6643356643356644: -50 50 10 30 -20 2 -30 20 -20 50 10 0 -20 0 10 1 30 0 0 20 0 0 0 -2 0 10 -30 -10
-0.6717607335456306: -50 50 10 30 -20 5 -10 -2 -20 50 10 0 -20 2 10 0 0 0 -10 10 0 0 0 -2 20 -5 -30 1
-0.6717607335456306: -50 50 10 30 -20 5 -10 -2 -20 50 10 0 -20 2 10 0 0 0 -10 10 0 0 0 -2 20 -5 -30 1
-0.6717607335456306: -50 50 10 30 -20 5 -10 -2 -20 50 10 0 -20 2 10 0 0 0 -10 10 0 0 0 -2 20 -5 -30 1
-0.6717607335456306: -50 50 10 30 -20 5 -10 -2 -20 50 10 0 -20 2 10 0 0 0 -10 10 0 0 0 -2 20 -5 -30 1
-0.6717607335456306: -50 50 10 30 -20 5 -10 -2 -20 50 10 0 -20 2 10 0 0 0 -10 10 0 0 0 -2 20 -5 -30 1
-0.6717607335456306: -50 50 10 30 -20 5 -10 -2 -20 50 10 0 -20 2 10 0 0 0 -10 10 0 0 0 -2 20 -5 -30 1
-0.6717607335456306: -50 50 10 30 -20 5 -10 -2 -20 50 10 0 -20 2 10 0 0 0 -10 10 0 0 0 -2 20 -5 -30 1
-0.6717607335456306: -50 50 10 30 -20 5 -10 -2 -20 50 10 0 -20 2 10 0 0 0 -10 10 0 0 0 -2 20 -5 -30 1
