TrainingAccuracy: 0.732
TestAccuracy: 0.6470062555853441
infeasible
infeasible
infeasible
infeasible
infeasible
infeasible
infeasible
no_sol
-0.12073738618361052: 0 30 0 0 0 -2 0 0 -5 0 2 0 0 0 0 1 0 0 0 10 0 0 -20 0 5 50 0 0
-0.12073738618361052: 0 30 0 0 0 -2 0 0 -5 0 2 0 0 0 0 1 0 0 0 10 0 0 -20 0 5 50 0 0
-0.1455089532892737: 50 50 0 0 0 -2 0 0 -30 2 5 0 0 0 0 0 0 0 -1 50 0 0 -30 0 30 2 0 0
-0.4651709846217856: 0 20 50 0 5 0 0 0 -20 30 20 0 0 0 -50 0 0 0 -10 0 0 0 -50 0 0 5 -10 -1
-0.4820374133875278: 0 30 5 0 2 0 0 0 -10 10 2 0 -10 0 0 -1 10 0 0 5 0 0 -20 0 0 2 -5 0
-0.4860859963834792: 0 30 5 0 2 0 0 0 -10 10 2 -30 -10 0 0 -1 10 0 0 5 0 0 -20 0 0 2 -5 0
-0.49823174537133347: 0 30 5 0 2 0 0 0 -10 10 2 -30 -10 0 -50 -1 10 0 0 5 0 0 -20 0 0 2 -5 0
-0.49823174537133347: 0 30 5 0 2 0 0 0 -10 10 2 -30 -10 0 -50 -1 10 0 0 5 0 0 -20 0 0 2 -5 0
-0.5436462850650494: -50 50 30 0 0 -2 0 5 -10 50 30 0 0 30 0 -30 0 0 0 10 0 0 -20 2 10 -5 -20 1
-0.6155606407322655: -30 50 10 20 -10 2 -30 20 -30 50 10 0 10 0 0 0 20 0 0 10 0 0 0 -2 10 0 -30 1
-0.6164247651661839: -20 30 5 10 -5 -2 -20 10 -10 20 -2 0 -20 0 0 0 20 0 0 5 0 0 5 0 10 2 -20 1
-0.6245219311580867: -20 30 5 10 -5 -2 -20 10 -10 20 -2 0 -20 0 -5 1 20 0 0 5 0 0 5 0 10 2 -20 0
-0.6317549727160712: -50 50 5 2 0 -20 -10 20 -20 30 -2 0 -30 0 -10 20 30 0 -2 10 0 0 0 -5 20 -10 -30 1
-0.6317549727160712: -50 50 5 2 0 -20 -10 20 -20 30 -2 0 -30 0 -10 20 30 0 -2 10 0 0 0 -5 20 -10 -30 1
-0.6317549727160712: -50 50 5 2 0 -20 -10 20 -20 30 -2 0 -30 0 -10 20 30 0 -2 10 0 0 0 -5 20 -10 -30 1
-0.6317549727160712: -50 50 5 2 0 -20 -10 20 -20 30 -2 0 -30 0 -10 20 30 0 -2 10 0 0 0 -5 20 -10 -30 1
-0.6317549727160712: -50 50 5 2 0 -20 -10 20 -20 30 -2 0 -30 0 -10 20 30 0 -2 10 0 0 0 -5 20 -10 -30 1
-0.6317549727160712: -50 50 5 2 0 -20 -10 20 -20 30 -2 0 -30 0 -10 20 30 0 -2 10 0 0 0 -5 20 -10 -30 1
-0.6317549727160712: -50 50 5 2 0 -20 -10 20 -20 30 -2 0 -30 0 -10 20 30 0 -2 10 0 0 0 -5 20 -10 -30 1
-0.6317549727160712: -50 50 5 2 0 -20 -10 20 -20 30 -2 0 -30 0 -10 20 30 0 -2 10 0 0 0 -5 20 -10 -30 1
