TrainingAccuracy: 0.848
TestAccuracy: 0.7989554364783287
no_sol
no_sol
no_sol
no_sol
no_sol
no_sol
0.36373165618448633: 0 0 0 0 0 -30 0 0 50 30 0 30 0 0 0 0 0 0 -30 0 -50 -1
0.08071278825995803: 0 10 0 0 0 -50 0 -50 50 0 0 0 0 30 2 -20 0 0 0 0 0 -1
0.02445842068483578: 0 20 0 0 -5 -50 0 -50 50 0 0 0 0 30 2 -20 0 0 0 0 0 -1
-0.03214535290006987: -30 2 0 0 0 -50 -2 -30 50 0 0 0 -30 50 0 -20 0 0 0 0 0 -1
-0.05101327742837175: -5 -5 0 0 -2 -50 0 -50 50 0 0 2 -5 10 0 -2 0 0 0 0 0 1
-0.16247379454926625: -10 1 0 0 0 -50 0 -50 50 -2 -2 10 -50 50 0 -10 0 0 0 0 5 0
-0.23724668064290705: -30 -1 0 2 0 0 30 0 50 -5 0 10 -20 30 0 -30 0 0 0 10 20 -50
-0.23724668064290705: -30 -1 0 2 0 0 30 0 50 -5 0 10 -20 30 0 -30 0 0 0 10 20 -50
-0.23724668064290705: -30 -1 0 2 0 0 30 0 50 -5 0 10 -20 30 0 -30 0 0 0 10 20 -50
-0.23724668064290705: -30 -1 0 2 0 0 30 0 50 -5 0 10 -20 30 0 -30 0 0 0 10 20 -50
-0.23724668064290705: -30 -1 0 2 0 0 30 0 50 -5 0 10 -20 30 0 -30 0 0 0 10 20 -50
-0.25576519916142554: -20 0 0 0 0 -50 -30 -50 50 -5 0 2 -10 30 0 -20 -2 -5 -2 10 20 1
-0.3109713487071977: -20 -1 -50 5 -10 0 20 0 50 -30 10 30 -50 50 -2 -30 0 -20 0 30 30 -50
-0.3109713487071977: -20 -1 -50 5 -10 0 20 0 50 -30 10 30 -50 50 -2 -30 0 -20 0 30 30 -50
-0.3113207547169811: -50 -10 0 -5 -2 -50 -20 -30 50 -20 5 20 -20 30 0 -30 -2 -20 5 20 30 -2
-0.36757512229210343: -30 -5 -30 0 1 1 20 1 50 -20 -5 30 -30 20 5 -30 0 -10 2 20 30 -50
