TrainingAccuracy: 0.848
TestAccuracy: 0.7956318252730109
no_sol
no_sol
no_sol
no_sol
no_sol
no_sol
no_sol
0.0019260400616332718: 0 0 0 10 0 -1 0 -1 30 0 0 0 20 0 0 -10 0 0 -10 0 0 -30
0.0019260400616332718: -2 -2 0 1 0 0 0 0 50 0 0 0 10 0 -5 -2 0 0 -2 0 0 -50
-0.12249614791987673: -30 -30 0 2 0 0 0 0 50 -1 0 0 30 0 0 -20 0 0 10 0 10 -50
-0.12249614791987673: -30 -30 0 2 0 0 0 0 50 -1 0 0 30 0 0 -20 0 0 10 0 10 -50
-0.12249614791987673: -30 -30 0 2 0 0 0 0 50 -1 0 0 30 0 0 -20 0 0 10 0 10 -50
-0.12249614791987673: -30 -30 0 2 0 0 0 0 50 -1 0 0 30 0 0 -20 0 0 10 0 10 -50
-0.12249614791987673: -30 -30 0 2 0 0 0 0 50 -1 0 0 30 0 0 -20 0 0 10 0 10 -50
-0.12249614791987673: -30 -30 0 2 0 0 0 0 50 -1 0 0 30 0 0 -20 0 0 10 0 10 -50
-0.12249614791987673: -30 -30 0 2 0 0 0 0 50 -1 0 0 30 0 0 -20 0 0 10 0 10 -50
-0.12249614791987673: -30 -30 0 2 0 0 0 0 50 -1 0 0 30 0 0 -20 0 0 10 0 10 -50
-0.12249614791987673: -30 -30 0 2 0 0 0 0 50 -1 0 0 30 0 0 -20 0 0 10 0 10 -50
-0.12249614791987673: -30 -30 0 2 0 0 0 0 50 -1 0 0 30 0 0 -20 0 0 10 0 10 -50
-0.12249614791987673: -30 -30 0 2 0 0 0 0 50 -1 0 0 30 0 0 -20 0 0 10 0 10 -50
-0.12249614791987673: -30 -30 0 2 0 0 0 0 50 -1 0 0 30 0 0 -20 0 0 10 0 10 -50
-0.12249614791987673: -30 -30 0 2 0 0 0 0 50 -1 0 0 30 0 0 -20 0 0 10 0 10 -50
