TrainingAccuracy: 0.858
TestAccuracy: 0.7901037780641661
infeasible
infeasible
infeasible
infeasible
infeasible
no_sol
no_sol
no_sol
-0.010201377848436666: 0 0 0 0 -50 0 0 -50 50 5 0 -30 0 30 0 -30 -20 0 0 0 0 -1
-0.03351881293057764: 0 -2 0 0 -50 0 0 -30 2 50 0 -50 10 20 0 -20 0 0 0 0 0 -1
-0.07882882882882881: -20 0 0 -10 -50 0 0 0 50 50 0 -50 0 0 0 -20 30 0 -50 0 -30 -2
-0.07882882882882881: -20 0 0 -10 -50 0 0 0 50 50 0 -50 0 0 0 -20 30 0 -50 0 -30 -2
-0.07882882882882881: -20 0 0 -10 -50 0 0 0 50 50 0 -50 0 0 0 -20 30 0 -50 0 -30 -2
-0.07882882882882881: -20 0 0 -10 -50 0 0 0 50 50 0 -50 0 0 0 -20 30 0 -50 0 -30 -2
-0.07882882882882881: -20 0 0 -10 -50 0 0 0 50 50 0 -50 0 0 0 -20 30 0 -50 0 -30 -2
-0.1278484366719661: -20 -2 0 0 -30 0 0 -2 50 30 -20 -30 5 0 5 -20 5 0 -30 20 -30 -2
-0.1278484366719661: -20 -2 0 0 -30 0 0 -2 50 30 -20 -30 5 0 5 -20 5 0 -30 20 -30 -2
-0.1278484366719661: -20 -2 0 0 -30 0 0 -2 50 30 -20 -30 5 0 5 -20 5 0 -30 20 -30 -2
-0.1278484366719661: -20 -2 0 0 -30 0 0 -2 50 30 -20 -30 5 0 5 -20 5 0 -30 20 -30 -2
-0.1278484366719661: -20 -2 0 0 -30 0 0 -2 50 30 -20 -30 5 0 5 -20 5 0 -30 20 -30 -2
-0.1278484366719661: -20 -2 0 0 -30 0 0 -2 50 30 -20 -30 5 0 5 -20 5 0 -30 20 -30 -2
-0.1293720190779014: -20 -2 20 -5 -30 0 0 -2 50 30 -20 -30 10 0 10 -20 5 0 -30 20 -30 -2
