TrainingAccuracy: 0.902
TestAccuracy: 0.8144162689872431
infeasible
infeasible
infeasible
infeasible
infeasible
infeasible
no_sol
no_sol
no_sol
no_sol
no_sol
no_sol
no_sol
no_sol
no_sol
no_sol
-0.13687224903218964: 0 -20 0 0 0 0 10 0 0 0 0 10 30 0 20 -10 0 -10 5 0 50 -50 -50 0 -50 0 0 -50 0 -2 0 0 0 0 20 10 -10
-0.13687224903218964: 0 -20 0 0 0 0 10 0 0 0 0 10 30 0 20 -10 0 -10 5 0 50 -50 -50 0 -50 0 0 -50 0 -2 0 0 0 0 20 10 -10
-0.28776228102738155: 0 -30 0 10 0 20 50 0 0 0 0 20 50 1 20 0 0 5 0 0 50 -10 0 -50 -30 0 0 0 0 -2 0 0 -30 -30 50 50 -50
-0.3125983277651093: -5 -50 0 0 0 20 50 0 50 0 0 20 0 -30 30 -50 0 0 0 -30 30 0 0 -50 -50 0 20 -2 -50 0 0 0 0 0 50 30 -50
-0.3231160842127592: 0 -30 0 0 0 30 50 0 0 0 0 20 50 0 20 0 0 0 2 -2 50 10 0 -50 -30 -5 1 -30 -50 0 -2 0 0 -10 50 30 -50
-0.35201781831680545: 0 5 -1 1 0 0 10 -50 30 -2 0 30 10 -20 30 -20 0 5 0 -2 50 20 0 -50 -50 0 0 0 -50 0 -5 0 0 0 20 0 -50
-0.35846988739813684: 0 -20 -5 2 0 0 10 -50 30 -2 0 50 30 -20 30 -20 0 5 0 0 50 5 -30 -10 -50 0 20 -1 -50 0 0 0 0 0 20 0 -50
-0.35846988739813684: 0 -20 -5 2 0 0 10 -50 30 -2 0 50 30 -20 30 -20 0 5 0 0 50 5 -30 -10 -50 0 20 -1 -50 0 0 0 0 0 20 0 -50
-0.3618638525039331: 0 10 -1 1 0 0 5 -50 50 -2 0 30 0 -20 20 -5 0 5 0 -20 50 30 -50 -30 -50 0 2 0 -20 0 -10 -10 0 -2 30 0 -50
-0.3645860953492072: 0 10 -1 1 1 0 5 -50 50 -2 -2 30 0 -10 20 -5 0 2 0 -20 50 30 0 -30 -50 0 5 0 -30 0 -10 0 0 -5 30 2 -50
-0.3645860953492072: 0 -20 -5 2 2 0 10 -30 30 -5 0 30 30 -20 30 -20 0 2 0 -30 50 2 -20 5 -50 0 20 0 -50 0 2 0 2 0 20 20 -50
-0.3645860953492072: 0 -20 -5 2 2 0 10 -30 30 -5 0 30 30 -20 30 -20 0 2 0 -30 50 2 -20 5 -50 0 20 0 -50 0 2 0 2 0 20 20 -50
-0.3730886850152905: -30 -20 0 2 2 5 20 -30 50 0 0 30 30 -20 10 -20 0 2 0 -10 50 2 0 5 -50 0 20 20 -50 0 2 2 2 0 20 20 -50
-0.3730886850152905: -30 -20 0 2 2 5 20 -30 50 0 0 30 30 -20 10 -20 0 2 0 -10 50 2 0 5 -50 0 20 20 -50 0 2 2 2 0 20 20 -50
-0.3730886850152905: -30 -20 0 2 2 5 20 -30 50 0 0 30 30 -20 10 -20 0 2 0 -10 50 2 0 5 -50 0 20 20 -50 0 2 2 2 0 20 20 -50
-0.3730886850152905: -30 -20 0 2 2 5 20 -30 50 0 0 30 30 -20 10 -20 0 2 0 -10 50 2 0 5 -50 0 20 20 -50 0 2 2 2 0 20 20 -50
-0.3730886850152905: -30 -20 0 2 2 5 20 -30 50 0 0 30 30 -20 10 -20 0 2 0 -10 50 2 0 5 -50 0 20 20 -50 0 2 2 2 0 20 20 -50
-0.3730886850152905: -30 -20 0 2 2 5 20 -30 50 0 0 30 30 -20 10 -20 0 2 0 -10 50 2 0 5 -50 0 20 20 -50 0 2 2 2 0 20 20 -50
-0.3730886850152905: -30 -20 0 2 2 5 20 -30 50 0 0 30 30 -20 10 -20 0 2 0 -10 50 2 0 5 -50 0 20 20 -50 0 2 2 2 0 20 20 -50
-0.3730886850152905: -30 -20 0 2 2 5 20 -30 50 0 0 30 30 -20 10 -20 0 2 0 -10 50 2 0 5 -50 0 20 20 -50 0 2 2 2 0 20 20 -50
-0.3730886850152905: -30 -20 0 2 2 5 20 -30 50 0 0 30 30 -20 10 -20 0 2 0 -10 50 2 0 5 -50 0 20 20 -50 0 2 2 2 0 20 20 -50
