TrainingAccuracy: 0.902
TestAccuracy: 0.8144162689872431
infeasible
infeasible
infeasible
infeasible
infeasible
infeasible
infeasible
infeasible
infeasible
no_sol
no_sol
no_sol
no_sol
no_sol
no_sol
no_sol
no_sol
no_sol
-0.22898658323169116: 0 -30 0 0 -20 0 2 -20 -20 0 0 20 50 -5 2 -5 0 0 0 0 20 0 0 -50 -20 0 0 0 0 0 0 -2 -1 -1 30 2 -20
-0.22898658323169116: 0 -30 0 0 -20 0 2 -20 -20 0 0 20 50 -5 2 -5 0 0 0 0 20 0 0 -50 -20 0 0 0 0 0 0 -2 -1 -1 30 2 -20
-0.22898658323169116: 0 -30 0 0 -20 0 2 -20 -20 0 0 20 50 -5 2 -5 0 0 0 0 20 0 0 -50 -20 0 0 0 0 0 0 -2 -1 -1 30 2 -20
-0.2938784889784518: 0 -30 0 2 0 0 5 -50 0 -2 0 20 20 -20 30 -10 0 5 0 -5 50 0 0 -50 -20 -2 0 1 -1 0 30 0 0 -2 30 0 -50
-0.3020452175142741: 0 -30 0 2 2 0 5 -50 0 -2 0 20 50 -30 30 -10 0 2 0 0 50 0 -50 -50 -30 -2 0 1 -1 0 30 0 0 -2 30 0 -50
-0.3081614254653445: 0 -30 0 2 0 0 5 -50 2 -2 0 20 50 -20 30 -10 0 5 0 -5 50 0 -50 -50 -30 -2 0 1 -1 0 30 0 0 -2 30 0 -50
-0.3081614254653445: 0 -30 0 2 0 0 5 -50 2 -2 0 20 50 -20 30 -10 0 5 0 -5 50 0 -50 -50 -30 -2 0 1 -1 0 30 0 0 -2 30 0 -50
-0.31699987626168885: 1 -30 -2 0 0 0 5 -50 20 -2 0 20 50 -30 30 -5 0 2 0 -5 50 10 -50 -30 -30 0 2 0 -20 0 30 -2 0 0 30 20 -50
-0.31699987626168885: 1 -30 -2 0 0 0 5 -50 20 -2 0 20 50 -30 30 -5 0 2 0 -5 50 10 -50 -30 -30 0 2 0 -20 0 30 -2 0 0 30 20 -50
-0.31972211910696297: 0 -30 -2 0 0 0 5 -50 2 -5 -2 20 30 -30 30 -5 0 2 -1 -10 50 10 0 -50 -30 0 2 0 -20 2 30 0 2 -1 30 20 -50
-0.31972211910696297: 0 -30 -2 0 0 0 5 -50 2 -5 -2 20 30 -30 30 -5 0 2 -1 -10 50 10 0 -50 -30 0 2 0 -20 2 30 0 2 -1 30 20 -50
-0.3227802230824981: 0 -30 -2 0 0 0 5 -50 2 -5 -2 20 30 -30 30 -5 0 2 -1 0 50 10 0 -50 -30 0 2 0 -20 2 30 0 2 -1 30 20 -50
-0.3227802230824981: 0 -30 -2 0 0 0 5 -50 2 -5 -2 20 30 -30 30 -5 0 2 -1 0 50 10 0 -50 -30 0 2 0 -20 2 30 0 2 -1 30 20 -50
-0.3435152286507221: 10 -10 -2 20 20 5 30 -50 50 0 5 50 50 -30 10 -30 0 0 -2 -30 50 -10 -50 0 -50 5 30 1 -50 -10 0 -20 -30 -10 30 50 -50
-0.3435152286507221: 10 -10 -2 20 20 5 30 -50 50 0 5 50 50 -30 10 -30 0 0 -2 -30 50 -10 -50 0 -50 5 30 1 -50 -10 0 -20 -30 -10 30 50 -50
-0.3465733326262573: 10 -10 -2 20 20 5 30 -50 50 0 5 50 50 -30 10 -30 0 0 -2 -30 50 -10 -50 0 -50 5 30 1 -50 -10 0 0 -30 -10 30 50 -50
-0.3465733326262573: 10 -10 -2 20 20 5 30 -50 50 0 5 50 50 -30 10 -30 0 0 -2 -30 50 -10 -50 0 -50 5 30 1 -50 -10 0 0 -30 -10 30 50 -50
-0.3465733326262573: 10 -10 -2 20 20 5 30 -50 50 0 5 50 50 -30 10 -30 0 0 -2 -30 50 -10 -50 0 -50 5 30 1 -50 -10 0 0 -30 -10 30 50 -50
-0.3465733326262573: 10 -10 -2 20 20 5 30 -50 50 0 5 50 50 -30 10 -30 0 0 -2 -30 50 -10 -50 0 -50 5 30 1 -50 -10 0 0 -30 -10 30 50 -50
