TrainingAccuracy: 0.886
TestAccuracy: 0.8026574342659306
infeasible
no_sol
no_sol
no_sol
no_sol
no_sol
no_sol
no_sol
no_sol
no_sol
no_sol
no_sol
no_sol
no_sol
0.420059582919563: 0 -30 0 2 0 2 0 0 30 -20 0 0 0 -50 20 0 0 0 0 0 0 0 -30 -30 -20 0 10 0 -20 0 0 20 0 0 30 0 -1
0.420059582919563: 0 -30 0 2 0 2 0 0 30 -20 0 0 0 -50 20 0 0 0 0 0 0 0 -30 -30 -20 0 10 0 -20 0 0 20 0 0 30 0 -1
-0.0710029791459782: 0 0 2 10 0 0 -2 -10 50 -50 -50 0 0 -50 0 0 0 0 0 -30 0 -30 0 -30 0 0 30 -1 5 0 0 -5 0 0 50 0 0
-0.0710029791459782: 0 0 2 10 0 0 -2 -10 50 -50 -50 0 0 -50 0 0 0 0 0 -30 0 -30 0 -30 0 0 30 -1 5 0 0 -5 0 0 50 0 0
-0.0710029791459782: 0 0 2 10 0 0 -2 -10 50 -50 -50 0 0 -50 0 0 0 0 0 -30 0 -30 0 -30 0 0 30 -1 5 0 0 -5 0 0 50 0 0
-0.08987090367428008: 0 -2 0 5 0 2 0 -5 50 -50 -50 -2 0 -50 0 0 0 2 0 -50 0 -30 0 -30 -5 0 30 0 20 0 0 0 0 -2 50 2 -1
-0.10873882820258196: 0 -2 0 10 -20 2 0 -10 30 -50 -50 -2 0 -50 0 0 0 2 0 -50 0 -30 0 -30 -10 0 30 0 20 0 0 -10 0 0 50 2 -1
-0.10873882820258196: 0 -2 0 10 -20 2 0 -10 30 -50 -50 -2 0 -50 0 0 0 2 0 -50 0 -30 0 -30 -10 0 30 0 20 0 0 -10 0 0 50 2 -1
-0.10873882820258196: 0 -2 0 10 -20 2 0 -10 30 -50 -50 -2 0 -50 0 0 0 2 0 -50 0 -30 0 -30 -10 0 30 0 20 0 0 -10 0 0 50 2 -1
-0.10873882820258196: 0 -2 0 10 -20 2 0 -10 30 -50 -50 -2 0 -50 0 0 0 2 0 -50 0 -30 0 -30 -10 0 30 0 20 0 0 -10 0 0 50 2 -1
-0.10873882820258196: 0 -2 0 10 -20 2 0 -10 30 -50 -50 -2 0 -50 0 0 0 2 0 -50 0 -30 0 -30 -10 0 30 0 20 0 0 -10 0 0 50 2 -1
-0.10873882820258196: 0 -2 0 10 -20 2 0 -10 30 -50 -50 -2 0 -50 0 0 0 2 0 -50 0 -30 0 -30 -10 0 30 0 20 0 0 -10 0 0 50 2 -1
-0.1181727904667329: 0 -5 0 5 -30 2 0 -5 50 -50 -50 -5 5 -50 0 0 0 2 0 -30 0 -30 0 -30 -20 0 30 0 20 2 -30 -2 0 0 50 2 0
-0.1181727904667329: 0 -5 0 5 -30 2 0 -5 50 -50 -50 -5 5 -50 0 0 0 2 0 -30 0 -30 0 -30 -20 0 30 0 20 2 -30 -2 0 0 50 2 0
-0.1181727904667329: 0 -5 0 5 -30 2 0 -5 50 -50 -50 -5 5 -50 0 0 0 2 0 -30 0 -30 0 -30 -20 0 30 0 20 2 -30 -2 0 0 50 2 0
-0.1181727904667329: 0 -5 0 5 -30 2 0 -5 50 -50 -50 -5 5 -50 0 0 0 2 0 -30 0 -30 0 -30 -20 0 30 0 20 2 -30 -2 0 0 50 2 0
-0.12760675273088384: 1 0 2 5 -20 -2 -2 -10 50 -50 -50 0 20 -50 -2 -30 0 0 -2 -30 30 -5 30 -10 -30 0 30 -10 5 10 -5 10 0 20 50 10 -30
-0.13704071499503478: 1 0 2 5 -20 -2 -2 -10 50 -50 -50 0 20 -50 -2 -30 0 0 -2 -30 30 -5 30 -10 -30 0 30 -10 5 10 0 10 0 5 50 10 -30
-0.13704071499503478: 1 0 2 5 -20 -2 -2 -10 50 -50 -50 0 20 -50 -2 -30 0 0 -2 -30 30 -5 30 -10 -30 0 30 -10 5 10 0 10 0 5 50 10 -30
-0.13704071499503478: 1 0 2 5 -20 -2 -2 -10 50 -50 -50 0 20 -50 -2 -30 0 0 -2 -30 30 -5 30 -10 -30 0 30 -10 5 10 0 10 0 5 50 10 -30
-0.13704071499503478: 1 0 2 5 -20 -2 -2 -10 50 -50 -50 0 20 -50 -2 -30 0 0 -2 -30 30 -5 30 -10 -30 0 30 -10 5 10 0 10 0 5 50 10 -30
-0.13704071499503478: 1 0 2 5 -20 -2 -2 -10 50 -50 -50 0 20 -50 -2 -30 0 0 -2 -30 30 -5 30 -10 -30 0 30 -10 5 10 0 10 0 5 50 10 -30
-0.13704071499503478: 1 0 2 5 -20 -2 -2 -10 50 -50 -50 0 20 -50 -2 -30 0 0 -2 -30 30 -5 30 -10 -30 0 30 -10 5 10 0 10 0 5 50 10 -30
