TrainingAccuracy: 0.728
TestAccuracy: 0.6537086684539768
infeasible
infeasible
infeasible
infeasible
0.1518778704133395: 0 50 0 0 0 0 0 0 -30 0 0 0 0 0 0 0 0 0 -5 0 0 0 0 30 50 0 0 0
0.0012961866508777176: 0 50 0 0 0 0 0 -20 -30 0 30 0 0 0 0 0 0 0 0 0 0 0 0 0 50 0 0 -5
-0.07033012753836554: 0 0 2 0 0 0 0 0 -2 -20 0 0 0 0 0 0 0 0 0 50 0 0 0 0 30 0 -20 1
-0.1334592181274104: 0 30 0 0 0 -2 0 0 0 0 30 0 0 0 0 0 0 0 0 50 0 0 -30 0 0 5 -20 1
-0.18812308972492037: 0 20 0 0 0 -2 0 0 0 0 30 0 0 0 0 0 0 0 0 50 0 0 -30 -2 0 5 -10 1
-0.22947304411835312: 0 30 0 0 0 -2 0 0 0 0 30 0 0 0 30 0 0 0 -30 0 0 0 0 10 30 2 -2 1
-0.25328447296410683: 50 20 0 0 0 -2 0 0 0 -30 0 0 -30 0 0 1 0 0 0 20 0 0 0 20 30 5 -10 0
-0.2695748187739034: 30 30 0 0 0 -5 0 0 0 -50 0 0 -30 0 0 0 50 0 0 30 0 0 0 30 50 5 -10 1
-0.30061928917764164: 50 30 0 0 0 -2 0 -30 0 0 50 0 5 0 50 0 0 0 0 20 0 0 -50 -5 0 2 -5 1
-0.30948456577747196: 30 20 0 0 0 -10 0 -5 -5 0 30 0 0 0 50 -2 0 0 -20 0 0 0 -30 -5 0 10 -10 30
-0.3172936902914019: 50 20 0 0 0 -5 0 -2 -2 0 30 0 0 0 50 -2 50 0 0 50 0 0 -30 -2 0 5 -10 5
-0.3333920084492166: 50 30 0 0 0 -5 0 -30 -2 0 50 0 20 0 50 5 20 0 -2 10 0 0 -50 -2 0 5 -10 0
-0.34148917444111954: 50 30 0 0 0 -5 0 -30 -2 0 50 0 20 50 50 5 20 0 -2 10 0 0 -50 -2 0 5 -10 0
-0.34148917444111954: 50 30 0 0 0 -5 0 -30 -2 0 50 0 20 50 50 5 20 0 -2 10 0 0 -50 -2 0 5 -10 0
-0.34148917444111954: 50 30 0 0 0 -5 0 -30 -2 0 50 0 20 50 50 5 20 0 -2 10 0 0 -50 -2 0 5 -10 0
-0.34148917444111954: 50 30 0 0 0 -5 0 -30 -2 0 50 0 20 50 50 5 20 0 -2 10 0 0 -50 -2 0 5 -10 0
-0.34148917444111954: 50 30 0 0 0 -5 0 -30 -2 0 50 0 20 50 50 5 20 0 -2 10 0 0 -50 -2 0 5 -10 0
-0.34148917444111954: 50 30 0 0 0 -5 0 -30 -2 0 50 0 20 50 50 5 20 0 -2 10 0 0 -50 -2 0 5 -10 0
-0.34148917444111954: 50 30 0 0 0 -5 0 -30 -2 0 50 0 20 50 50 5 20 0 -2 10 0 0 -50 -2 0 5 -10 0
-0.3417772159190924: 50 30 0 10 -10 2 -10 -30 -2 -20 30 -50 -5 20 50 -2 10 0 -2 10 -2 0 -50 -5 0 5 -10 30
-0.3417772159190924: 50 30 0 10 -10 5 -10 -30 -2 -20 30 -50 -5 30 50 -2 10 0 -5 10 -2 0 -50 -2 0 5 -10 30
-0.3417772159190924: 50 30 0 10 -10 5 -10 -30 -2 -20 30 -50 -5 30 50 -2 10 0 -5 10 -2 0 -50 -2 0 5 -10 30
-0.3417772159190924: 50 30 0 10 -10 5 -10 -30 -2 -20 30 -50 -5 30 50 -2 10 0 -5 10 -2 0 -50 -2 0 5 -10 30
-0.3417772159190924: 50 30 0 10 -10 5 -10 -30 -2 -20 30 -50 -5 30 50 -2 10 0 -5 10 -2 0 -50 -2 0 5 -10 30
