TrainingAccuracy: 0.892
TestAccuracy: 0.8113907863135897
infeasible
infeasible
infeasible
infeasible
infeasible
infeasible
infeasible
infeasible
infeasible
no_sol
no_sol
no_sol
no_sol
no_sol
no_sol
-0.2589786756453423: 1 -2 0 0 0 -2 0 -2 30 -10 -5 0 0 -50 0 0 0 -5 0 -30 50 0 0 0 0 10 30 0 0 0 2 0 0 0 2 0 -50
-0.29292929292929293: 1 -10 0 10 0 0 10 0 10 -5 0 20 0 -50 10 0 0 -2 0 0 50 0 0 20 -20 0 0 0 -10 0 10 0 0 0 20 0 -50
-0.31046576879910215: 1 -10 0 5 0 -5 0 0 0 -2 0 20 20 -50 2 0 0 -2 0 -30 50 0 0 30 -30 0 0 10 0 -5 0 0 0 0 20 0 -50
-0.32898428731762064: 0 -10 0 5 0 -2 0 0 5 -2 0 10 20 -50 10 0 0 -2 0 -50 50 0 0 30 -30 -5 0 10 0 -2 0 0 0 0 20 0 -50
-0.3325617283950617: 1 -10 0 5 0 0 20 -5 10 -2 0 30 0 -50 20 0 0 -2 0 -50 50 0 0 0 -30 0 10 0 -20 0 10 0 -50 -50 20 0 0
-0.33775252525252525: 1 -10 0 5 0 0 2 -5 10 -2 0 30 30 -50 20 0 0 -2 0 -50 50 0 0 0 -30 0 10 0 -20 0 10 0 -50 -50 20 0 0
-0.3413299663299663: 1 -20 0 5 0 0 2 -5 20 -2 0 30 30 -50 30 0 0 -2 0 -50 50 -10 0 0 -30 0 10 0 -30 0 30 0 -50 -50 30 0 0
-0.3413299663299663: 1 -20 0 5 0 0 2 -5 20 -2 0 30 30 -50 30 0 0 -2 0 -50 50 -10 0 0 -30 0 10 0 -30 0 30 0 -50 -50 30 0 0
-0.34652076318742986: 30 -10 0 5 0 0 2 5 20 -2 0 20 20 -50 10 0 0 -2 0 -50 50 0 0 20 -50 1 5 0 -20 0 10 0 -30 -30 30 0 -50
-0.35108024691358025: 30 -10 0 5 10 0 2 5 5 -2 0 20 20 -50 10 0 0 -2 0 -50 50 0 0 20 -20 1 5 0 -20 0 10 0 -30 -30 30 0 -50
-0.35108024691358025: 30 -10 0 5 10 0 2 5 5 -2 0 20 20 -50 10 0 0 -2 0 -50 50 0 0 20 -20 1 5 0 -20 0 10 0 -30 -30 30 0 -50
-0.35108024691358025: 30 -10 0 5 10 0 2 5 5 -2 0 20 20 -50 10 0 0 -2 0 -50 50 0 0 20 -20 1 5 0 -20 0 10 0 -30 -30 30 0 -50
-0.35108024691358025: 30 -10 0 5 10 0 2 5 5 -2 0 20 20 -50 10 0 0 -2 0 -50 50 0 0 20 -20 1 5 0 -20 0 10 0 -30 -30 30 0 -50
-0.35108024691358025: 30 -10 0 5 10 0 2 5 5 -2 0 20 20 -50 10 0 0 -2 0 -50 50 0 0 20 -20 1 5 0 -20 0 10 0 -30 -30 30 0 -50
-0.3764029180695847: 10 -10 -2 5 2 -10 0 0 0 -20 -10 5 0 -50 5 -5 0 -2 -5 -50 2 -30 -30 -20 -30 0 5 30 2 -5 2 0 -5 -5 20 2 -1
-0.3764029180695847: 10 -10 -2 5 2 -10 0 0 0 -20 -5 5 0 -50 5 -5 0 -2 -5 -50 2 -30 -50 -20 -30 0 5 30 2 -5 2 -10 -5 -5 20 2 -1
-0.3764029180695847: 10 -10 -2 5 2 -10 0 0 0 -20 -5 5 0 -50 5 -5 0 -2 -5 -50 2 -30 -50 -20 -30 0 5 30 2 -5 2 -10 -5 -5 20 2 -1
-0.3764029180695847: 10 -10 -2 5 2 -10 0 0 0 -20 -5 5 0 -50 5 -5 0 -2 -5 -50 2 -30 -50 -20 -30 0 5 30 2 -5 2 -10 -5 -5 20 2 -1
-0.3764029180695847: 10 -10 -2 5 2 -10 0 0 0 -20 -5 5 0 -50 5 -5 0 -2 -5 -50 2 -30 -50 -20 -30 0 5 30 2 -5 2 -10 -5 -5 20 2 -1
-0.3764029180695847: 10 -10 -2 5 2 -10 0 0 0 -20 -5 5 0 -50 5 -5 0 -2 -5 -50 2 -30 -50 -20 -30 0 5 30 2 -5 2 -10 -5 -5 20 2 -1
-0.3764029180695847: 10 -10 -2 5 2 -10 0 0 0 -20 -5 5 0 -50 5 -5 0 -2 -5 -50 2 -30 -50 -20 -30 0 5 30 2 -5 2 -10 -5 -5 20 2 -1
-0.3764029180695847: 10 -10 -2 5 2 -10 0 0 0 -20 -5 5 0 -50 5 -5 0 -2 -5 -50 2 -30 -50 -20 -30 0 5 30 2 -5 2 -10 -5 -5 20 2 -1
