TrainingAccuracy: 0.84
TestAccuracy: 0.7918673268669877
infeasible
infeasible
infeasible
no_sol
no_sol
no_sol
-0.23152351859040352: 0 0 0 0 0 -20 0 -2 50 10 0 30 0 0 0 0 0 0 -30 0 -50 0
-0.2898516480734502: 0 20 0 0 0 -30 0 0 50 2 0 20 0 0 0 0 0 0 -20 0 -50 -1
-0.29636630605390624: 0 20 0 0 0 -20 30 0 50 2 0 10 0 0 0 0 0 0 -30 0 -50 -1
-0.3086530185144554: 0 20 0 0 0 -30 20 0 50 10 0 10 0 2 0 0 0 0 -20 0 -50 -1
-0.3105770366744865: -5 30 0 0 0 -30 20 0 50 20 0 5 0 2 0 0 0 0 -20 0 -50 -1
-0.3182731093146107: -10 10 0 0 5 -20 20 0 50 20 0 20 0 0 0 0 5 0 -30 0 -50 -1
-0.3182731093146107: -10 10 0 0 5 -20 20 0 50 20 0 20 0 0 0 0 5 0 -30 0 -50 -1
-0.32553037079542957: -5 5 0 0 -2 -5 20 0 20 10 0 10 -5 0 0 -2 0 0 -10 5 -30 -2
-0.32553037079542957: -5 5 0 0 -2 -5 20 0 20 10 0 10 -5 0 0 -2 0 0 -10 5 -30 -2
-0.32553037079542957: -5 5 0 0 -2 -5 20 0 20 10 0 10 -5 0 0 -2 0 0 -10 5 -30 -2
-0.32553037079542957: -5 5 0 0 -2 -5 20 0 20 10 0 10 -5 0 0 -2 0 0 -10 5 -30 -2
-0.32553037079542957: -5 5 0 0 -2 -5 20 0 20 10 0 10 -5 0 0 -2 0 0 -10 5 -30 -2
-0.32553037079542957: -5 5 0 0 -2 -5 20 0 20 10 0 10 -5 0 0 -2 0 0 -10 5 -30 -2
-0.32553037079542957: -5 5 0 0 -2 -5 20 0 20 10 0 10 -5 0 0 -2 0 0 -10 5 -30 -2
-0.3313024252755227: -5 20 0 0 2 -30 30 0 50 20 -10 20 -20 20 -5 -5 5 0 -20 2 -50 -1
-0.3313024252755227: -5 20 0 0 2 -30 30 0 50 20 -10 20 -20 20 -5 -5 5 0 -20 2 -50 -1
