TrainingAccuracy: 0.834
TestAccuracy: 0.7945804788713288
no_sol
no_sol
no_sol
no_sol
no_sol
no_sol
-0.2432932469935245: 0 0 0 -20 -20 0 0 0 0 30 0 30 20 0 0 0 0 0 0 0 30 -50
-0.2432932469935245: 0 0 0 -20 -20 0 0 0 0 30 0 30 20 0 0 0 0 0 0 0 30 -50
-0.27227875423990133: 2 0 0 -5 -20 0 0 0 0 30 0 10 20 0 10 0 0 0 0 0 30 -50
-0.3805118717237126: 0 5 0 0 -30 -10 0 -2 0 50 0 0 50 0 0 -5 -30 0 0 0 50 -50
-0.4017884674683935: 0 0 0 -20 -30 -5 0 -1 0 50 0 0 50 0 2 0 -20 0 -2 0 50 -50
-0.538082022818378: 0 2 -20 -10 -20 0 0 1 0 30 0 0 30 -5 0 -5 0 0 -5 0 50 -50
-0.5593586185630589: 0 0 -2 -10 -20 1 0 1 0 30 -2 0 30 -5 0 -2 0 0 -5 0 50 -50
-0.5883441258094357: 1 1 -50 -10 -5 0 0 0 5 20 0 10 30 -10 0 -2 0 0 -20 0 50 -50
-0.6173296330558126: 2 0 0 -10 -5 2 0 0 5 20 -1 10 30 -5 2 -5 0 0 -20 0 50 -50
-0.6173296330558126: 2 0 0 -10 -5 2 0 0 5 20 -1 10 30 -5 2 -5 0 0 -20 0 50 -50
-0.6173296330558126: 2 0 0 -10 -5 2 0 0 5 20 -1 10 30 -5 2 -5 0 0 -20 0 50 -50
-0.6173296330558126: 2 0 0 -10 -5 2 0 0 5 20 -1 10 30 -5 2 -5 0 0 -20 0 50 -50
-0.6521739130434783: -2 0 -50 -10 -10 2 0 1 5 20 -10 10 20 -10 2 -10 2 5 -10 0 50 -50
-0.6897934011717546: 2 2 -50 -5 -5 2 0 -1 10 20 -5 10 30 -10 2 -10 0 0 -20 0 50 -50
-0.6897934011717546: 2 2 -50 -5 -5 2 0 -1 10 20 -5 10 30 -10 2 -10 0 0 -20 0 50 -50
-0.6897934011717546: 2 2 -50 -5 -5 2 0 -1 10 20 -5 10 30 -10 2 -10 0 0 -20 0 50 -50
