TrainingAccuracy: 0.71
TestAccuracy: 0.6425379803395889
infeasible
infeasible
infeasible
-0.23590187867995055: 0 0 30 -20 0 0 0 0 0 0 0 0 0 0 0 0 0 0 -20 0 0 0 0 0 0 50 0 0
-0.29622499237939387: 0 0 30 0 0 0 0 0 0 0 0 0 -30 0 0 -10 0 0 0 5 0 0 0 0 0 50 0 0
-0.452904654184916: 0 0 0 -2 0 -20 0 0 0 2 0 0 0 0 0 0 0 0 0 0 0 0 -2 0 0 50 0 1
-0.5170781793970898: 0 0 0 -5 0 -20 0 0 0 10 0 0 0 0 0 0 0 0 0 0 0 0 -5 0 0 30 5 -2
-0.5643740674784617: 0 0 0 -5 0 -10 -20 0 0 10 0 0 0 0 0 0 0 0 0 0 0 0 -5 0 0 30 5 -2
-0.5956265742567903: 0 0 0 0 -20 -50 -50 0 0 50 0 0 0 0 0 0 0 0 0 0 0 0 -30 0 30 50 5 -2
-0.6162583626125042: 0 0 0 -30 10 -50 -30 0 0 50 0 0 0 0 0 0 0 0 0 0 0 0 -30 0 30 50 5 -1
-0.6238629253501469: 0 0 0 -30 10 -50 -30 0 0 50 0 0 0 0 -50 0 0 0 0 0 0 0 -30 0 30 50 5 -2
-0.6306332322600311: 50 0 0 0 -2 -20 -50 0 0 30 0 0 0 0 -30 0 0 0 0 0 0 0 -30 -5 10 30 5 1
-0.639072050825432: 50 0 0 -30 5 -50 -30 0 0 50 0 0 0 20 -50 -2 0 0 0 0 0 0 -30 0 30 30 10 0
-0.6466766135630746: 2 0 0 -20 -5 -30 -50 0 0 50 0 0 0 20 -50 0 0 0 -5 0 0 0 -20 0 30 30 10 -1
-0.6542811763007171: 0 0 0 -30 -2 -50 -20 -50 1 50 -20 0 0 0 -50 -10 0 0 20 0 0 0 -30 0 50 20 10 0
-0.6559496879562337: 0 -20 -2 -10 -20 -20 -50 0 20 30 -2 0 0 0 -30 0 0 0 1 5 0 0 -2 0 30 20 -10 0
-0.6559496879562337: 0 -20 -2 -10 -20 -20 -50 0 20 30 -2 0 0 0 -30 0 0 0 1 5 0 0 -2 0 30 20 -10 0
-0.6559496879562337: 0 -20 -2 -10 -20 -20 -50 0 20 30 -2 0 0 0 -30 0 0 0 1 5 0 0 -2 0 30 20 -10 0
-0.6648056344355135: 5 -10 30 -20 2 -30 -5 -50 -10 50 -5 0 0 20 -30 -10 0 0 0 -10 0 0 0 0 30 30 -2 -1
-0.6656398902632719: 30 -5 0 -5 -20 -30 -10 -50 5 50 0 0 0 20 -20 0 0 0 0 -5 -5 -50 -5 -2 30 20 -2 1
-0.6656398902632719: 30 -5 0 -5 -20 -30 -10 -50 5 50 0 0 0 20 -20 0 0 0 0 -5 -5 -50 -5 -2 30 20 -2 1
-0.666057018177151: 2 -10 10 -20 -2 -50 -10 -50 -10 50 -10 0 -2 10 -30 10 30 0 0 -20 0 0 -2 0 30 30 -2 5
-0.6664741460910302: 5 -20 30 -30 2 -50 -10 -50 -20 50 -20 0 -10 20 -50 0 20 0 20 -5 0 0 2 5 50 30 -5 -1
-0.6664741460910302: 5 -20 30 -30 2 -50 -10 -50 -20 50 -20 0 -10 20 -50 0 20 0 20 -5 0 0 2 5 50 30 -5 -1
-0.6664741460910302: 5 -20 30 -30 2 -50 -10 -50 -20 50 -20 0 -10 20 -50 0 20 0 20 -5 0 0 2 5 50 30 -5 -1
-0.6664741460910302: 5 -20 30 -30 2 -50 -10 -50 -20 50 -20 0 -10 20 -50 0 20 0 20 -5 0 0 2 5 50 30 -5 -1
-0.6664741460910302: 5 -20 30 -30 2 -50 -10 -50 -20 50 -20 0 -10 20 -50 0 20 0 20 -5 0 0 2 5 50 30 -5 -1
-0.6664741460910302: 5 -20 30 -30 2 -50 -10 -50 -20 50 -20 0 -10 20 -50 0 20 0 20 -5 0 0 2 5 50 30 -5 -1
