TrainingAccuracy: 0.88
TestAccuracy: 0.8098936402482767
infeasible
infeasible
infeasible
infeasible
infeasible
infeasible
no_sol
no_sol
no_sol
-0.22542302781823736: 0 -50 0 -5 0 0 0 -30 10 -30 0 0 0 -30 0 0 0 0 0 0 50 0 0 0 -50 -30 0 0 0 0 0 0 2 0 0 0 0
-0.28539317760874644: 0 -50 0 0 0 0 0 -50 0 -30 0 0 0 -30 20 10 0 0 0 0 50 0 0 0 -50 -30 0 2 -10 0 0 0 0 0 0 0 0
-0.34534534534534533: 0 -10 0 0 0 0 0 -5 0 -5 0 0 0 -5 0 2 0 0 0 0 5 0 0 0 0 0 2 0 -50 0 0 0 0 -10 30 2 -1
-0.3843843843843844: 0 -10 0 0 0 0 0 -2 0 -5 0 0 0 -5 2 2 0 0 0 0 2 0 0 -5 0 0 2 0 -50 2 0 0 0 0 20 5 0
-0.3843843843843844: 0 -10 0 0 0 0 0 -2 0 -5 0 0 0 -5 2 2 0 0 0 0 2 0 0 -5 0 0 2 0 -50 2 0 0 0 0 20 5 0
-0.4174174174174174: 0 -50 0 0 0 0 0 -20 0 -50 0 0 -30 -50 10 30 0 0 0 0 30 0 0 -30 0 0 20 50 -50 0 0 0 -30 0 50 0 -1
-0.44744744744744747: 0 -30 5 0 0 0 0 0 0 -30 0 0 -30 -50 10 10 0 0 5 0 20 0 0 -20 0 20 30 1 -50 0 0 0 -20 0 50 0 0
-0.46546546546546547: 2 -50 5 0 20 0 0 -20 0 -30 0 0 0 -50 10 20 0 0 5 0 20 0 0 -20 0 0 10 30 -50 0 0 0 -30 0 50 0 0
-0.46546546546546547: 2 -50 5 0 20 0 0 -20 0 -30 0 0 0 -50 10 20 0 0 5 0 20 0 0 -20 0 0 10 30 -50 0 0 0 -30 0 50 0 0
-0.46846846846846846: 1 -50 2 0 10 0 0 -10 0 -20 0 5 0 -30 0 0 0 -5 -2 0 20 0 0 -10 -10 0 5 20 -50 0 30 0 -20 0 50 0 0
-0.46846846846846846: 1 -50 2 0 10 0 0 -10 0 -20 0 5 0 -30 0 0 0 -5 -2 0 20 0 0 -10 -10 0 5 20 -50 0 30 0 -20 0 50 0 0
-0.46846846846846846: 1 -50 2 0 10 0 0 -10 0 -20 0 5 0 -30 0 0 0 -5 -2 0 20 0 0 -10 -10 0 5 20 -50 0 30 0 -20 0 50 0 0
-0.48348348348348347: 0 -50 2 2 10 0 0 -10 0 -20 0 5 -20 -30 0 0 0 -5 -2 0 20 0 0 -10 -20 0 5 20 -50 2 20 0 -20 0 50 0 -1
-0.48348348348348347: 0 -50 2 2 10 0 0 -10 0 -20 0 5 -20 -30 0 0 0 -5 -2 0 20 0 0 -10 -20 0 5 20 -50 2 20 0 -20 0 50 0 -1
-0.48348348348348347: 0 -50 2 2 10 0 0 -10 0 -20 0 5 -20 -30 0 0 0 -5 -2 0 20 0 0 -10 -20 0 5 20 -50 2 20 0 -20 0 50 0 -1
-0.48348348348348347: 0 -50 2 2 10 0 0 -10 0 -20 0 5 -20 -30 0 0 0 -5 -2 0 20 0 0 -10 -20 0 5 20 -50 2 20 0 -20 0 50 0 -1
-0.48348348348348347: 0 -50 2 2 10 0 0 -10 0 -20 0 5 -20 -30 0 0 0 -5 -2 0 20 0 0 -10 -20 0 5 20 -50 2 20 0 -20 0 50 0 -1
-0.48348348348348347: 0 -50 2 2 10 0 0 -10 0 -20 0 5 -20 -30 0 0 0 -5 -2 0 20 0 0 -10 -20 0 5 20 -50 2 20 0 -20 0 50 0 -1
-0.4894894894894895: -1 -20 2 0 10 2 0 -2 0 -10 30 10 0 -20 20 10 0 0 5 0 10 -5 0 -30 -10 0 5 50 -50 -5 10 -20 -20 -10 50 30 -30
-0.4894894894894895: -1 -20 2 0 10 2 0 -2 0 -10 30 10 0 -20 20 10 0 0 5 0 10 -5 0 -30 -10 0 5 50 -50 -5 10 -20 -20 -10 50 30 -30
-0.4894894894894895: -1 -20 2 0 10 2 0 -2 0 -10 30 10 0 -20 20 10 0 0 5 0 10 -5 0 -30 -10 0 5 50 -50 -5 10 -20 -20 -10 50 30 -30
-0.4894894894894895: -1 -20 2 0 10 2 0 -2 0 -10 30 10 0 -20 20 10 0 0 5 0 10 -5 0 -30 -10 0 5 50 -50 -5 10 -20 -20 -10 50 30 -30
-0.4894894894894895: -1 -20 2 0 10 2 0 -2 0 -10 30 10 0 -20 20 10 0 0 5 0 10 -5 0 -30 -10 0 5 50 -50 -5 10 -20 -20 -10 50 30 -30
-0.4894894894894895: -1 -20 2 0 10 2 0 -2 0 -10 30 10 0 -20 20 10 0 0 5 0 10 -5 0 -30 -10 0 5 50 -50 -5 10 -20 -20 -10 50 30 -30
-0.4894894894894895: -1 -20 2 0 10 2 0 -2 0 -10 30 10 0 -20 20 10 0 0 5 0 10 -5 0 -30 -10 0 5 50 -50 -5 10 -20 -20 -10 50 30 -30
-0.4894894894894895: -1 -20 2 0 10 2 0 -2 0 -10 30 10 0 -20 20 10 0 0 5 0 10 -5 0 -30 -10 0 5 50 -50 -5 10 -20 -20 -10 50 30 -30
-0.4894894894894895: -1 -20 2 0 10 2 0 -2 0 -10 30 10 0 -20 20 10 0 0 5 0 10 -5 0 -30 -10 0 5 50 -50 -5 10 -20 -20 -10 50 30 -30
-0.4894894894894895: -1 -20 2 0 10 2 0 -2 0 -10 30 10 0 -20 20 10 0 0 5 0 10 -5 0 -30 -10 0 5 50 -50 -5 10 -20 -20 -10 50 30 -30
