TrainingAccuracy: 0.858
TestAccuracy: 0.7901037780641661
infeasible
infeasible
infeasible
infeasible
no_sol
no_sol
no_sol
-0.027954425013248532: 0 0 0 0 -30 0 0 -30 2 50 0 -30 0 30 0 -30 0 0 0 0 0 -1
-0.05279544250132487: 0 0 0 0 -20 0 0 -30 2 50 0 -30 0 30 0 -30 0 0 0 0 -10 -1
-0.10704822469528351: 0 0 0 0 -20 0 0 -20 50 20 0 -30 0 0 0 -20 10 0 -10 0 -30 -1
-0.10704822469528351: 0 0 0 0 -20 0 0 -20 50 20 0 -30 0 0 0 -20 10 0 -10 0 -30 -1
-0.10704822469528351: 0 0 0 0 -20 0 0 -20 50 20 0 -30 0 0 0 -20 10 0 -10 0 -30 -1
-0.10704822469528351: 0 0 0 0 -20 0 0 -20 50 20 0 -30 0 0 0 -20 10 0 -10 0 -30 -1
-0.13950715421303655: -10 0 0 0 -20 0 0 -10 50 10 -2 -20 0 0 -30 -10 2 5 0 2 -30 -1
-0.13950715421303655: -10 0 0 0 -20 0 0 -10 50 10 -2 -20 0 0 -30 -10 2 5 0 2 -30 -1
-0.15673025967143614: -30 0 0 -2 -20 0 20 0 30 0 20 -30 10 0 -5 -5 2 10 -30 20 -30 -1
-0.15673025967143614: -30 0 0 -2 -20 0 20 0 30 0 20 -30 10 0 -5 -5 2 10 -30 20 -30 -1
-0.15673025967143614: -30 0 0 -2 -20 0 20 0 30 0 20 -30 10 0 -5 -5 2 10 -30 20 -30 -1
-0.15673025967143614: -30 0 0 -2 -20 0 20 0 30 0 20 -30 10 0 -5 -5 2 10 -30 20 -30 -1
-0.1606385797562268: -20 -20 -30 -2 -20 2 2 0 50 20 -20 0 2 -2 5 -20 20 5 -30 0 -30 -1
-0.1606385797562268: -20 -20 -30 -2 -20 2 2 0 50 20 -20 0 2 -2 5 -20 20 5 -30 0 -30 -1
-0.1606385797562268: -20 -20 -30 -2 -20 2 2 0 50 20 -20 0 2 -2 5 -20 20 5 -30 0 -30 -1
