TrainingAccuracy: 0.896
TestAccuracy: 0.8198122329309754
infeasible
infeasible
infeasible
infeasible
infeasible
infeasible
infeasible
no_sol
no_sol
no_sol
no_sol
no_sol
no_sol
0.2824621028213843: 0 -5 0 0 0 0 0 -50 0 -2 0 0 0 -5 5 5 0 -2 0 0 50 0 0 0 -50 -50 0 0 -5 0 0 0 0 0 5 50 1
0.2824621028213843: 0 -5 0 0 0 0 0 -50 0 -2 0 0 0 -5 5 5 0 -2 0 0 50 0 0 0 -50 -50 0 0 -5 0 0 0 0 0 5 50 1
0.2824621028213843: 0 -5 0 0 0 0 0 -50 0 -2 0 0 0 -5 5 5 0 -2 0 0 50 0 0 0 -50 -50 0 0 -5 0 0 0 0 0 5 50 1
0.2824621028213843: 0 -5 0 0 0 0 0 -50 0 -2 0 0 0 -5 5 5 0 -2 0 0 50 0 0 0 -50 -50 0 0 -5 0 0 0 0 0 5 50 1
0.2824621028213843: 0 -5 0 0 0 0 0 -50 0 -2 0 0 0 -5 5 5 0 -2 0 0 50 0 0 0 -50 -50 0 0 -5 0 0 0 0 0 5 50 1
0.1566057075039111: -1 -50 0 0 0 0 0 -50 0 -30 0 10 -20 -30 10 2 0 -30 -1 0 50 0 0 0 -30 -20 20 0 5 0 -10 0 0 0 10 20 0
0.1566057075039111: -1 -50 0 0 0 0 0 -50 0 -30 0 10 -20 -30 10 2 0 -30 -1 0 50 0 0 0 -30 -20 20 0 5 0 -10 0 0 0 10 20 0
0.1566057075039111: -1 -50 0 0 0 0 0 -50 0 -30 0 10 -20 -30 10 2 0 -30 -1 -2 50 0 0 0 -30 -20 20 0 5 0 -10 -1 0 0 10 20 0
0.14446782111452766: 0 -50 0 0 0 0 0 -50 -30 0 5 30 10 0 10 5 0 -30 -5 -50 50 20 0 0 -10 -5 30 2 -2 0 -5 0 0 0 30 20 -50
0.13847979716243186: 0 -50 0 0 0 0 0 -50 -30 0 5 30 10 0 10 5 0 -30 -5 -50 50 20 30 0 -10 -5 30 2 -2 0 -5 0 0 0 30 20 -50
0.13847979716243186: 0 -50 0 0 0 0 0 -50 -30 0 5 30 10 0 10 5 0 -30 -5 -50 50 20 30 0 -10 -5 30 2 -2 0 -5 0 0 0 30 20 -50
0.13847979716243186: 0 -50 0 0 0 0 0 -50 -30 0 5 30 10 0 10 5 0 -30 -5 -50 50 20 30 0 -10 -5 30 2 -2 0 -5 0 0 0 30 20 -50
0.13554872237506968: 0 -50 0 0 -10 2 0 -50 -30 0 30 30 10 -50 10 5 0 -20 0 -50 50 10 0 10 -20 -5 20 0 5 2 -5 0 -1 0 30 20 -50
0.13554872237506968: 0 -50 0 0 -10 2 0 -50 -30 0 30 30 10 -50 10 5 0 -20 0 -50 50 10 0 10 -20 -5 20 0 5 2 -5 0 -1 0 30 20 -50
0.12952473431515346: 1 -50 0 0 -2 2 0 -50 -30 0 -5 30 10 0 10 5 0 -20 -2 -20 50 20 0 10 -20 -5 20 0 2 1 -10 0 0 2 30 20 -50
0.12652173131215047: 1 -50 -1 2 -5 2 0 -50 -30 0 0 30 5 0 10 10 0 -30 -2 -30 50 20 20 10 -20 -5 30 0 0 1 -10 0 0 2 30 20 -50
0.12652173131215047: 1 -50 -1 2 -5 2 0 -50 -30 0 0 30 5 0 10 10 0 -30 -2 -30 50 20 20 10 -20 -5 30 0 0 1 -10 0 0 2 30 20 -50
0.12652173131215047: 1 -50 -1 2 -5 2 0 -50 -30 0 0 30 5 0 10 10 0 -30 -2 -30 50 20 20 10 -20 -5 30 0 0 1 -10 0 0 2 30 20 -50
0.12652173131215047: 1 -50 -1 2 -5 2 0 -50 -30 0 0 30 5 0 10 10 0 -30 -2 -30 50 20 20 10 -20 -5 30 0 0 1 -10 0 0 2 30 20 -50
0.12650374925824026: 1 -50 -1 2 0 2 2 -50 -30 0 0 30 5 -2 10 0 0 -30 -2 -50 50 20 -30 10 -20 -5 30 0 0 1 -10 0 0 2 30 20 -50
0.12650374925824026: 1 -50 -1 2 0 2 2 -50 -30 0 0 30 5 -2 10 0 0 -30 -2 -50 50 20 -30 10 -20 -5 30 0 0 1 -10 0 0 2 30 20 -50
0.12650374925824026: 1 -50 -1 2 0 2 2 -50 -30 0 0 30 5 -2 10 0 0 -30 -2 -50 50 20 -30 10 -20 -5 30 0 0 1 -10 0 0 2 30 20 -50
0.12650374925824026: 1 -50 -1 2 0 2 2 -50 -30 0 0 30 5 -2 10 0 0 -30 -2 -50 50 20 -30 10 -20 -5 30 0 0 1 -10 0 0 2 30 20 -50
0.12650374925824026: 1 -50 -1 2 0 2 2 -50 -30 0 0 30 5 -2 10 0 0 -30 -2 -50 50 20 -30 10 -20 -5 30 0 0 1 -10 0 0 2 30 20 -50
