TrainingAccuracy: 0.898
TestAccuracy: 0.819344374785565
infeasible
infeasible
infeasible
infeasible
infeasible
infeasible
no_sol
no_sol
no_sol
no_sol
no_sol
no_sol
no_sol
no_sol
no_sol
no_sol
0.13687224903218964: 0 -20 0 0 0 0 10 0 0 0 0 10 30 0 20 -10 0 -10 5 0 50 -50 -50 0 -50 0 0 -50 0 -2 0 0 0 0 20 10 -10
0.13075604108111932: 0 -20 0 0 0 0 10 0 0 0 0 10 30 0 20 -10 0 -10 5 0 50 -50 -50 0 -50 0 0 -50 0 -2 0 -30 0 0 20 10 -10
0.12531155539057115: 0 0 0 10 0 0 20 0 0 -30 -30 0 -10 -50 20 -30 0 -10 0 0 50 0 0 -30 -30 0 -20 -10 20 -5 0 0 -30 0 50 30 0
0.11307913948843046: 0 -20 -2 0 0 0 20 -30 0 0 2 5 30 0 5 -30 0 -20 0 0 50 -30 -50 0 -50 0 0 0 50 0 0 2 -50 -50 20 0 -1
0.08995775220519348: 0 -10 -2 0 0 0 10 0 0 0 2 5 20 0 2 -30 0 -10 0 0 50 -30 -30 0 -30 0 0 -50 0 0 0 5 -2 -5 10 2 1
0.08995775220519348: 0 -10 -2 0 0 0 10 0 0 0 2 5 20 0 2 -30 0 -10 0 0 50 -30 -30 0 -30 0 0 -50 0 0 0 5 -2 -5 10 2 1
0.07228085061250467: 0 -10 -1 2 0 0 10 -5 0 0 5 10 20 0 2 -20 0 -10 0 0 50 -20 -5 0 -30 -5 0 -50 1 -5 0 -5 2 0 10 5 0
0.06582878153117322: 0 -10 -1 2 0 0 10 -5 0 0 5 10 0 0 2 -20 0 -10 0 0 50 -20 -50 0 -30 -5 0 -50 0 -5 0 -5 2 0 10 5 0
0.06582878153117322: 0 -10 -1 2 0 0 10 -5 0 0 5 10 0 0 2 -20 0 -10 0 0 50 -20 -50 0 -30 -5 0 -50 0 -5 0 -5 2 0 10 5 0
0.06582878153117322: 0 -10 -1 2 0 0 10 -5 0 0 5 10 0 0 2 -20 0 -10 0 0 50 -20 -50 0 -30 -5 0 -50 0 -5 0 -5 2 0 10 5 0
0.05766205299535096: 0 -10 -1 2 0 0 10 -5 0 0 5 10 20 0 2 -20 0 -10 0 -30 50 -20 0 0 -30 -5 0 -50 0 -5 0 -5 2 0 10 5 0
0.05766205299535096: 0 -10 -1 2 0 0 10 -5 0 0 5 10 20 0 2 -20 0 -10 0 -30 50 -20 0 0 -30 -5 0 -50 0 -5 0 -5 2 0 10 5 0
0.05766205299535096: 0 -10 -1 2 0 0 10 -5 0 0 5 10 20 0 2 -20 0 -10 0 -30 50 -20 0 0 -30 -5 0 -50 0 -5 0 -5 2 0 10 5 0
0.05766205299535096: 0 -10 -1 2 0 0 10 -5 0 0 5 10 20 0 2 -20 0 -10 0 -30 50 -20 0 0 -30 -5 0 -50 0 -5 0 -5 2 0 10 5 0
0.05766205299535096: 0 -10 -1 2 0 0 10 -5 0 0 5 10 20 0 2 -20 0 -10 0 -30 50 -20 0 0 -30 -5 0 -50 0 -5 0 -5 2 0 10 5 0
0.05766205299535096: 0 -10 -1 2 0 0 10 -5 0 0 5 10 20 0 2 -20 0 -10 0 -30 50 -20 0 0 -30 -5 0 -50 0 -5 0 -5 2 0 10 5 0
0.05766205299535096: 0 -10 -1 2 0 0 10 -5 0 0 5 10 20 0 2 -20 0 -10 0 -30 50 -20 0 0 -30 -5 0 -50 0 -5 0 -5 2 0 10 5 0
0.05766205299535096: 0 -10 -1 2 0 0 10 -5 0 0 5 10 20 0 2 -20 0 -10 0 -30 50 -20 0 0 -30 -5 0 -50 0 -5 0 -5 2 0 10 5 0
0.05766205299535096: 0 -10 -1 2 0 0 10 -5 0 0 5 10 20 0 2 -20 0 -10 0 -30 50 -20 0 0 -30 -5 0 -50 0 -5 0 -5 2 0 10 5 0
0.05766205299535096: 0 -10 -1 2 0 0 10 -5 0 0 5 10 20 0 2 -20 0 -10 0 -30 50 -20 0 0 -30 -5 0 -50 0 -5 0 -5 2 0 10 5 0
0.05766205299535096: 0 -10 -1 2 0 0 10 -5 0 0 5 10 20 0 2 -20 0 -10 0 -30 50 -20 0 0 -30 -5 0 -50 0 -5 0 -5 2 0 10 5 0
