TrainingAccuracy: 0.9
TestAccuracy: 0.8120145971741368
no_sol
no_sol
no_sol
no_sol
no_sol
no_sol
no_sol
-0.061578947368421066: 0 0 0 0 0 -20 0 0 0 -30 0 0 0 -50 0 0 0 -30 0 -50 50 0 0 0 -20 0 0 0 0 0 0 0 0 0 0 0 -5
-0.061578947368421066: 0 0 0 0 0 -20 0 0 0 -30 0 0 0 -50 0 0 0 -30 0 -50 50 0 0 0 -20 0 0 0 0 0 0 0 0 0 0 0 -5
-0.10157894736842099: -1 0 0 0 0 -30 0 -50 0 -30 0 0 0 -50 0 0 0 -30 0 0 50 0 0 0 -10 0 0 -10 0 0 0 0 0 0 0 2 0
-0.2494736842105263: 0 0 0 0 0 0 10 0 0 -2 0 0 -2 -50 20 0 0 -20 0 0 50 0 0 0 -20 0 0 -50 -30 0 0 0 0 0 0 0 1
-0.2494736842105263: 0 0 0 0 0 0 10 0 0 -2 0 0 -2 -50 20 0 0 -20 0 0 50 0 0 0 -20 0 0 -50 -30 0 0 0 0 0 0 0 1
-0.2494736842105263: 0 0 0 0 0 0 10 0 0 -2 0 0 -2 -50 20 0 0 -20 0 0 50 0 0 0 -20 0 0 -50 -30 0 0 0 0 0 0 0 1
-0.25473684210526315: 0 0 0 0 0 0 5 0 0 -30 -20 -2 0 -50 10 0 0 -20 0 -50 30 -20 0 0 -30 0 0 0 10 -2 0 0 -2 0 0 0 0
-0.35473684210526313: 0 0 0 0 0 0 20 0 -10 -20 0 0 0 -50 5 0 0 -5 0 0 0 -50 -50 -30 -30 5 0 0 20 0 0 0 -2 0 30 10 0
-0.35473684210526313: 0 0 0 0 0 0 20 0 -10 -20 0 0 0 -50 5 0 0 -5 0 0 0 -50 -50 -30 -30 5 0 0 20 0 0 0 -2 0 30 10 0
-0.4373684210526315: 1 0 0 0 0 0 0 0 5 -20 0 0 -5 -50 20 0 0 -5 0 0 0 -30 -50 -30 -20 0 -2 0 20 0 0 0 0 -2 20 10 0
-0.44473684210526315: 1 0 0 0 0 2 0 0 -10 -20 0 0 0 -50 5 5 0 -5 0 0 0 -30 -50 -30 -30 0 -2 0 20 -2 0 0 0 -2 20 10 0
-0.44473684210526315: 1 0 0 0 0 2 0 0 -10 -20 0 0 0 -50 5 5 0 -5 0 0 0 -30 -50 -30 -30 0 -2 0 20 -2 0 0 0 -2 20 10 0
-0.44473684210526315: 1 0 0 0 0 2 0 0 -10 -20 0 0 0 -50 5 5 0 -5 0 0 0 -30 -50 -30 -30 0 -2 0 20 -2 0 0 0 -2 20 10 0
-0.44473684210526315: 1 0 0 0 0 2 0 0 -10 -20 0 0 0 -50 5 5 0 -5 0 0 0 -30 -50 -30 -30 0 -2 0 20 -2 0 0 0 -2 20 10 0
-0.44473684210526315: 1 0 0 0 0 2 0 0 -10 -20 0 0 0 -50 5 5 0 -5 0 0 0 -30 -50 -30 -30 0 -2 0 20 -2 0 0 0 -2 20 10 0
-0.44473684210526315: 1 0 0 0 0 2 0 0 -10 -20 0 0 0 -50 5 5 0 -5 0 0 0 -30 -50 -30 -30 0 -2 0 20 -2 0 0 0 -2 20 10 0
-0.44473684210526315: 1 0 0 0 0 2 0 0 -10 -20 0 0 0 -50 5 5 0 -5 0 0 0 -30 -50 -30 -30 0 -2 0 20 -2 0 0 0 -2 20 10 0
-0.5073684210526315: 1 0 0 -2 0 0 -5 5 -50 -30 0 0 0 -50 30 10 0 -20 2 -50 50 -20 -50 0 -20 0 -5 0 30 0 10 0 0 -20 30 20 -50
-0.5073684210526315: 1 0 0 -2 0 0 -5 5 -50 -30 0 0 0 -50 30 10 0 -20 2 -50 50 -20 -50 0 -20 0 -5 0 30 0 10 0 0 -20 30 20 -50
-0.5073684210526315: 1 0 0 -2 0 0 -5 5 -50 -30 0 0 0 -50 30 10 0 -20 2 -50 50 -20 -50 0 -20 0 -5 0 30 0 10 0 0 -20 30 20 -50
-0.5073684210526315: 1 0 0 -2 0 0 -5 5 -50 -30 0 0 0 -50 30 10 0 -20 2 -50 50 -20 -50 0 -20 0 -5 0 30 0 10 0 0 -20 30 20 -50
-0.5073684210526315: 1 0 0 -2 0 0 -5 5 -50 -30 0 0 0 -50 30 10 0 -20 2 -50 50 -20 -50 0 -20 0 -5 0 30 0 10 0 0 -20 30 20 -50
-0.5073684210526315: 1 0 0 -2 0 0 -5 5 -50 -30 0 0 0 -50 30 10 0 -20 2 -50 50 -20 -50 0 -20 0 -5 0 30 0 10 0 0 -20 30 20 -50
-0.5073684210526315: 1 0 0 -2 0 0 -5 5 -50 -30 0 0 0 -50 30 10 0 -20 2 -50 50 -20 -50 0 -20 0 -5 0 30 0 10 0 0 -20 30 20 -50
-0.5073684210526315: 1 0 0 -2 0 0 -5 5 -50 -30 0 0 0 -50 30 10 0 -20 2 -50 50 -20 -50 0 -20 0 -5 0 30 0 10 0 0 -20 30 20 -50
-0.5073684210526315: 1 0 0 -2 0 0 -5 5 -50 -30 0 0 0 -50 30 10 0 -20 2 -50 50 -20 -50 0 -20 0 -5 0 30 0 10 0 0 -20 30 20 -50
-0.5073684210526315: 1 0 0 -2 0 0 -5 5 -50 -30 0 0 0 -50 30 10 0 -20 2 -50 50 -20 -50 0 -20 0 -5 0 30 0 10 0 0 -20 30 20 -50
-0.5073684210526315: 1 0 0 -2 0 0 -5 5 -50 -30 0 0 0 -50 30 10 0 -20 2 -50 50 -20 -50 0 -20 0 -5 0 30 0 10 0 0 -20 30 20 -50
-0.5073684210526315: 1 0 0 -2 0 0 -5 5 -50 -30 0 0 0 -50 30 10 0 -20 2 -50 50 -20 -50 0 -20 0 -5 0 30 0 10 0 0 -20 30 20 -50
-0.5073684210526315: 1 0 0 -2 0 0 -5 5 -50 -30 0 0 0 -50 30 10 0 -20 2 -50 50 -20 -50 0 -20 0 -5 0 30 0 10 0 0 -20 30 20 -50
