TrainingAccuracy: 0.834
TestAccuracy: 0.7945804788713288
no_sol
no_sol
no_sol
no_sol
-0.10699969164353995: 0 0 0 0 0 0 0 0 10 30 0 20 0 20 0 0 0 0 0 0 0 -50
-0.2858464384828862: 0 2 0 0 0 0 0 0 0 2 0 2 2 0 0 0 0 0 0 0 2 -5
-0.3583102065988283: 0 0 0 0 -5 0 0 0 0 30 0 0 30 0 0 0 -5 0 -2 0 30 -50
-0.37958680234350917: 0 5 0 0 -5 0 0 0 0 30 0 1 30 0 0 0 0 0 -10 0 30 -50
-0.40086339808819: 10 10 0 2 -5 0 0 0 0 20 0 0 20 2 0 0 0 0 0 0 30 -50
-0.4859697810669134: 5 5 0 0 -2 0 0 0 -1 20 0 5 20 0 0 0 2 0 0 0 30 -50
-0.4859697810669134: 5 5 0 0 -2 0 0 0 -1 20 0 5 20 0 0 0 2 0 0 0 30 -50
-0.538082022818378: 0 2 -20 -10 -20 0 0 1 0 30 0 0 30 -5 0 -5 0 0 -5 0 50 -50
-0.5593586185630589: 0 0 -2 -10 -20 1 0 1 0 30 -2 0 30 -5 0 -2 0 0 -5 0 50 -50
-0.6096207215541166: 2 2 -50 -2 -20 0 0 0 0 30 0 10 20 -10 0 -10 0 5 -10 0 50 -50
-0.6521739130434783: 2 2 -50 -2 -20 0 0 0 0 30 -5 10 20 -10 0 -10 0 5 -10 0 50 -50
-0.7101449275362319: 5 2 0 -5 -5 2 0 -1 2 20 -10 10 20 -10 0 -5 0 0 -10 0 50 -50
-0.7255627505396238: 5 2 0 -5 -5 1 0 -1 10 20 -5 10 20 -5 0 -5 0 -2 -20 0 50 -50
-0.7255627505396238: 5 2 0 -5 -5 1 0 -1 10 20 -5 10 20 -5 0 -5 0 -2 -20 0 50 -50
-0.7255627505396238: 5 2 0 -5 -5 1 0 -1 10 20 -5 10 20 -5 0 -5 0 -2 -20 0 50 -50
-0.7255627505396238: 5 2 0 -5 -5 1 0 -1 10 20 -5 10 20 -5 0 -5 0 -2 -20 0 50 -50
-0.7255627505396238: 5 2 0 -5 -5 1 0 -1 10 20 -5 10 20 -5 0 -5 0 -2 -20 0 50 -50
-0.7255627505396238: 5 2 0 -5 -5 1 0 -1 10 20 -5 10 20 -5 0 -5 0 -2 -20 0 50 -50
