TrainingAccuracy: 0.862
TestAccuracy: 0.7887811164620497
infeasible
infeasible
infeasible
infeasible
0.021670606776989787: -50 0 0 0 0 0 0 0 50 0 0 0 0 20 0 -30 0 0 0 0 0 -30
0.021670606776989787: -50 0 0 0 0 0 0 0 50 0 0 0 0 20 0 -30 0 0 0 0 0 -30
-0.07919621749408984: -30 0 0 0 0 0 0 0 50 0 0 -20 0 0 0 -30 0 0 -10 0 -20 -2
-0.1375098502758077: 0 0 0 0 -20 0 0 0 30 5 0 -5 0 0 0 -10 0 0 -10 0 -20 -2
-0.24113475177304972: -20 0 0 0 -20 -10 0 0 50 0 0 0 0 0 0 -20 0 20 -20 0 -30 -1
-0.24113475177304972: -20 0 0 0 -20 -10 0 0 50 0 0 0 0 0 0 -20 0 20 -20 0 -30 -1
-0.3226950354609929: -30 0 0 0 0 0 0 -5 20 0 20 -50 30 2 -20 -10 0 0 0 0 -20 -1
-0.3226950354609929: -30 0 0 0 0 0 0 -5 20 0 20 -50 30 2 -20 -10 0 0 0 0 -20 -1
-0.3226950354609929: -30 0 0 0 0 0 0 -5 20 0 20 -50 30 2 -20 -10 0 0 0 0 -20 -1
-0.405043341213554: -30 2 0 2 0 0 0 -1 30 0 20 -50 30 0 -20 0 -5 20 -5 0 -30 -20
-0.46887312844759654: -2 0 0 2 0 0 0 0 30 10 10 -50 30 5 -10 -1 -5 20 -10 0 -30 -20
-0.46887312844759654: -2 0 0 2 0 0 0 0 30 10 10 -50 30 5 -10 -1 -5 20 -10 0 -30 -20
-0.46887312844759654: -2 0 0 2 0 0 0 0 30 10 10 -50 30 5 -10 -1 -5 20 -10 0 -30 -20
-0.5059101654846336: -10 0 0 0 5 -5 0 -1 30 -2 20 -50 30 10 -10 -1 -5 20 -10 2 -30 -20
-0.5697399527186762: -50 -5 -5 -20 5 0 0 0 50 -10 2 -50 30 20 -2 2 -20 30 -20 10 -50 -1
-0.5697399527186762: -50 -5 -5 -20 5 -1 0 -1 50 -10 2 -50 30 20 -2 2 -20 30 -20 10 -50 0
-0.5697399527186762: -50 -5 -5 -20 5 -1 0 -1 50 -10 2 -50 30 20 -2 2 -20 30 -20 10 -50 0
-0.5697399527186762: -50 -5 -30 -20 5 -1 0 -1 50 -10 2 -50 30 20 -2 2 -20 30 -20 10 -50 0
