TrainingAccuracy: 0.834
TestAccuracy: 0.7945804788713288
no_sol
no_sol
no_sol
no_sol
no_sol
no_sol
no_sol
-0.008325624421831657: 0 0 0 0 2 -1 0 -5 50 0 0 20 0 20 0 0 -30 0 0 0 0 -50
-0.008325624421831657: 0 0 0 0 2 -1 0 -5 50 0 0 20 0 20 0 0 -30 0 0 0 0 -50
-0.27906259636139374: 20 2 0 0 0 0 0 0 -1 30 0 10 10 0 0 0 2 0 -2 0 20 -50
-0.4017884674683935: 0 0 0 -20 -30 -5 0 -1 0 50 0 0 50 0 2 0 -20 0 -2 0 50 -50
-0.538082022818378: 0 2 -20 -10 -20 0 0 1 0 30 0 0 30 -5 0 -5 0 0 -5 0 50 -50
-0.5593586185630589: 0 0 -2 -10 -20 1 0 1 0 30 -2 0 30 -5 0 -2 0 0 -5 0 50 -50
-0.5593586185630589: 0 0 -2 -10 -20 1 0 1 0 30 -2 0 30 -5 0 -2 0 0 -5 0 50 -50
-0.5593586185630589: 0 0 -2 -10 -20 1 0 1 0 30 -2 0 30 -5 0 -2 0 0 -5 0 50 -50
-0.5593586185630589: 0 0 -2 -10 -20 1 0 1 0 30 -2 0 30 -5 0 -2 0 0 -5 0 50 -50
-0.5593586185630589: 0 0 -2 -10 -20 1 0 1 0 30 -2 0 30 -5 0 -2 0 0 -5 0 50 -50
-0.5593586185630589: 0 0 -2 -10 -20 1 0 1 0 30 -2 0 30 -5 0 -2 0 0 -5 0 50 -50
-0.6308973172987974: 0 2 -50 -5 -20 -1 0 -1 2 30 -5 10 30 -20 2 -10 0 5 -10 0 50 -50
-0.6308973172987974: 0 2 -50 -5 -20 -1 0 -1 2 30 -5 10 30 -20 2 -10 0 5 -10 0 50 -50
-0.6308973172987974: 0 2 -50 -5 -20 -1 0 -1 2 30 -5 10 30 -20 2 -10 0 5 -10 0 50 -50
-0.6308973172987974: 0 2 -50 -5 -20 -1 0 -1 2 30 -5 10 30 -20 2 -10 0 5 -10 0 50 -50
