TrainingAccuracy: 0.892
TestAccuracy: 0.8113907863135897
infeasible
infeasible
infeasible
infeasible
infeasible
infeasible
infeasible
no_sol
no_sol
no_sol
no_sol
-0.2779882154882155: 0 -2 0 0 0 -5 0 0 20 -5 0 10 0 -50 0 0 0 -10 0 0 30 0 0 0 -30 -20 0 1 0 -2 0 0 0 0 0 0 0
-0.2841610549943883: 1 0 0 0 0 0 2 0 30 -2 0 10 0 -30 0 0 0 -10 0 0 30 0 0 0 -2 0 20 0 0 0 2 0 -30 -30 0 0 0
-0.35171156004489335: 1 0 0 2 0 -2 0 0 0 -30 -20 0 -5 -50 10 0 0 0 0 -50 30 0 0 -2 -30 0 0 0 -20 0 0 0 0 0 5 0 0
-0.35171156004489335: 1 0 0 2 0 -2 0 0 0 -30 -20 0 -5 -50 10 0 0 0 0 -50 30 0 0 -2 -30 0 0 0 -20 0 0 0 0 0 5 0 0
-0.35171156004489335: 1 0 0 2 0 -2 0 0 0 -30 -20 0 -5 -50 10 0 0 0 0 -50 30 0 0 -2 -30 0 0 0 -20 0 0 0 0 0 5 0 0
-0.35171156004489335: 1 0 0 2 0 -2 0 0 0 -30 -20 0 -5 -50 10 0 0 0 0 -50 30 0 0 -2 -30 0 0 0 -20 0 0 0 0 0 5 0 0
-0.3614618406285073: 0 0 0 10 10 0 5 0 30 -5 0 50 50 -50 10 0 0 -5 0 0 50 0 0 -10 -30 0 0 2 -30 0 20 0 0 0 10 0 -50
-0.3676346801346801: 1 0 0 5 0 0 2 0 10 -2 0 20 20 -50 30 0 0 -2 0 -50 50 0 0 0 -30 0 10 0 -30 0 30 0 -50 -50 20 0 0
-0.3764029180695847: 0 0 5 10 10 0 10 -5 2 -5 0 30 30 -50 20 0 0 0 0 0 50 0 0 0 -50 -2 0 1 -30 0 30 0 -50 -50 20 0 0
-0.3764029180695847: 0 0 5 10 10 0 10 -5 2 -5 0 30 30 -50 20 0 0 0 0 0 50 0 0 0 -50 -2 0 1 -30 0 30 0 -50 -50 20 0 0
-0.3877665544332211: 1 -30 -10 0 0 0 5 -10 10 -5 0 30 30 -50 20 0 0 -5 0 -50 0 -30 -50 -50 -30 10 20 0 -50 0 30 0 0 0 30 0 0
-0.4104938271604938: 10 -10 0 5 2 -10 -5 0 0 -20 -10 -5 0 -50 10 0 0 0 -2 -50 20 0 0 0 -30 0 2 0 -50 0 10 0 -2 -5 20 2 1
-0.4104938271604938: 0 -10 0 5 2 -10 -5 0 0 -20 -10 5 0 -50 10 -2 0 0 -2 -50 30 0 0 5 -30 0 2 1 -50 0 10 0 -2 -5 20 2 0
-0.4104938271604938: 30 -10 0 5 2 -10 -5 0 0 -20 -10 5 0 -50 5 0 0 0 -2 -50 0 -30 0 -20 -30 0 2 0 -50 0 10 0 -2 -5 20 2 1
-0.4104938271604938: 30 -10 0 5 2 -10 -5 0 0 -20 -10 5 0 -50 5 0 0 0 -2 -50 0 -30 0 -20 -30 0 2 0 -50 0 10 0 -2 -5 20 2 1
-0.4104938271604938: 20 -10 -2 5 2 -10 -2 0 0 -20 -10 0 -5 -50 10 -2 0 1 -2 -50 20 -5 0 0 -30 -5 0 0 -50 0 10 0 -2 -5 20 2 -5
-0.4104938271604938: 20 -10 -2 5 2 -10 -2 0 0 -20 -10 0 -5 -50 10 -2 0 1 -2 -50 20 -5 0 0 -30 -5 0 0 -50 0 10 0 -2 -5 20 2 -5
-0.4104938271604938: 20 -10 -2 5 2 -10 -2 0 0 -20 -10 0 -5 -50 10 -2 0 1 -2 -50 20 -5 0 0 -30 -5 0 0 -50 0 10 0 -2 -5 20 2 -5
-0.4104938271604938: 20 -10 -2 5 2 -10 -2 0 0 -20 -10 0 -5 -50 10 -2 0 1 -2 -50 20 -5 0 0 -30 -5 0 0 -50 0 10 0 -2 -5 20 2 -5
-0.4104938271604938: 20 -10 -2 5 2 -10 -2 0 0 -20 -10 0 -5 -50 10 -2 0 1 -2 -50 20 -5 0 0 -30 -5 0 0 -50 0 10 0 -2 -5 20 2 -5
-0.4104938271604938: 2 -5 0 5 2 -10 -5 -2 50 -10 0 5 2 -50 10 -2 0 0 -2 -50 20 0 -30 0 -20 0 2 1 -50 -2 5 0 -2 -5 20 2 0
-0.4104938271604938: 2 -5 0 5 2 -10 -5 -2 50 -10 0 5 2 -50 10 -2 0 0 -2 -50 20 0 -30 0 -20 0 2 1 -50 -2 5 0 -2 -5 20 2 0
-0.4104938271604938: 2 -5 0 5 2 -10 -5 -2 50 -10 0 5 2 -50 10 -2 0 0 -2 -50 20 0 -30 0 -20 0 2 1 -50 -2 5 0 -2 -5 20 2 0
-0.4104938271604938: 2 -5 0 5 2 -10 -5 -2 50 -10 0 5 2 -50 10 -2 0 0 -2 -50 20 0 -30 0 -20 0 2 1 -50 -2 5 0 -2 -5 20 2 0
-0.4104938271604938: 2 -5 0 5 2 -10 -5 -2 50 -10 0 5 2 -50 10 -2 0 0 -2 -50 20 0 -30 0 -20 0 2 1 -50 -2 5 0 -2 -5 20 2 0
-0.4104938271604938: 2 -5 0 5 2 -10 -5 -2 50 -10 0 5 2 -50 10 -2 0 0 -2 -50 20 0 -30 0 -20 0 2 1 -50 -2 5 0 -2 -5 20 2 0
