TrainingAccuracy: 0.706
TestAccuracy: 0.6523681858802503
infeasible
infeasible
infeasible
infeasible
infeasible
infeasible
infeasible
no_sol
-0.548296772748364: 50 0 20 0 10 0 0 0 0 20 0 0 0 0 0 -10 0 0 0 0 0 0 -30 -10 0 20 0 -1
-0.6043296692747084: 50 0 20 0 5 0 0 0 5 30 0 0 0 0 0 0 0 0 -10 0 0 0 -50 -30 0 0 5 2
-0.6685866973871581: 50 0 10 0 5 0 0 0 5 30 0 0 0 0 20 0 0 0 -20 0 0 0 -30 -20 0 0 5 1
-0.6685866973871581: 50 0 10 0 5 0 0 0 5 30 0 0 0 0 20 0 0 0 -20 0 0 0 -30 -20 0 0 5 1
-0.7083633338133409: 50 0 10 0 5 0 0 5 5 30 0 0 0 0 20 0 0 0 -20 0 0 0 -30 -20 0 5 5 1
-0.7163314613033809: 50 0 10 2 5 0 0 10 5 30 0 0 0 0 20 0 0 0 -20 0 0 0 -30 -20 2 0 5 2
-0.7163314613033809: 50 0 10 2 5 0 0 10 5 30 0 0 0 0 20 0 0 0 -20 0 0 0 -30 -20 -2 5 5 1
-0.7242675882814126: 50 0 10 2 0 0 -2 5 10 30 0 0 0 0 10 -30 0 0 -10 0 0 0 -10 2 20 5 10 -1
-0.7322357157714524: 50 0 20 5 10 0 2 20 10 30 -2 0 -10 0 0 -1 0 0 -20 0 0 0 -10 2 20 0 10 -30
-0.7402038432614922: 50 0 30 -5 30 2 20 20 5 30 -10 0 -10 0 0 -30 0 0 -30 0 0 0 -5 2 20 0 5 -1
-0.7402358437735004: 50 0 20 -5 20 2 10 10 5 20 -2 0 -20 0 0 -30 0 0 -10 0 0 0 -5 2 5 10 5 -1
-0.7481079697275157: 50 -5 20 -5 20 -2 10 10 10 30 0 0 -5 0 10 -50 0 0 -5 0 0 0 -2 5 20 5 5 1
-0.7481079697275157: 50 -5 20 -5 20 -2 10 10 10 30 0 0 -5 0 10 -50 0 0 -5 0 0 0 -2 5 20 5 5 1
-0.7481079697275157: 50 -5 20 -5 20 -2 10 10 10 30 0 0 -5 0 10 -50 0 0 -5 0 0 0 -2 5 20 5 5 1
-0.7481399702395238: 50 -5 20 -5 20 -2 10 10 10 30 0 0 -2 0 10 1 50 -50 -5 0 0 50 -2 5 20 5 5 -50
-0.7481399702395238: 50 -5 20 -5 20 -2 10 10 10 30 0 0 -2 0 10 1 50 -50 -5 0 0 50 -2 5 20 5 5 -50
-0.7481399702395238: 50 -5 20 -5 20 -2 10 10 10 30 0 0 -2 0 10 1 50 -50 -5 0 0 50 -2 5 20 5 5 -50
-0.7481399702395238: 50 -5 20 -5 20 -2 10 10 10 30 0 0 -2 0 10 1 50 -50 -5 0 0 50 -2 5 20 5 5 -50
-0.7481399702395238: 50 -5 20 -5 20 -2 10 10 10 30 0 0 -2 0 10 1 50 -50 -5 0 0 50 -2 5 20 5 5 -50
-0.7481399702395238: 50 -5 20 -5 20 -2 10 10 10 30 0 0 -2 0 10 1 50 -50 -5 0 0 50 -2 5 20 5 5 -50
