TrainingAccuracy: 0.732
TestAccuracy: 0.6470062555853441
infeasible
infeasible
infeasible
infeasible
-0.22937703029236212: 0 50 0 0 0 0 0 0 0 0 0 0 -30 0 0 -1 0 0 0 30 0 0 0 0 30 0 0 0
-0.5322686466851226: 0 0 10 0 0 0 0 0 -2 5 0 0 0 0 0 0 0 0 -2 0 0 0 -5 0 0 0 -2 0
-0.5726584628186459: 0 0 50 0 0 0 0 2 0 30 0 0 0 0 0 0 0 0 -30 0 0 0 -2 0 0 0 -30 1
-0.6135283480821239: 0 0 30 0 -30 0 -50 0 20 50 0 0 0 0 0 0 0 0 -30 0 0 0 0 0 30 0 -30 0
-0.6759053303675729: 0 30 20 20 0 0 0 0 -30 50 0 0 0 0 0 -5 0 0 0 20 0 0 0 -10 0 0 -30 0
-0.6759053303675729: 0 30 20 20 0 0 0 0 -30 50 0 0 0 0 0 -5 0 0 0 20 0 0 0 -10 0 0 -30 0
-0.6759053303675729: 0 30 20 20 0 0 0 0 -30 50 0 0 0 0 0 -5 0 0 0 20 0 0 0 -10 0 0 -30 0
-0.7001968283432815: -30 50 20 20 0 0 0 0 -30 50 0 0 -50 10 0 -5 0 0 0 20 0 0 0 -10 0 0 -30 0
-0.7081979805091934: -30 50 20 20 0 0 0 0 -30 50 0 0 -50 0 0 -5 0 0 0 10 2 0 0 -10 0 10 -30 0
-0.7157190635451505: -30 50 20 20 0 0 30 -30 -30 50 0 0 -50 0 0 -5 50 0 0 30 0 0 0 -10 0 0 -30 0
-0.7169672432830329: 10 10 20 20 0 0 -50 50 -30 50 0 0 -50 0 0 -5 50 0 0 10 0 0 0 -10 0 10 -30 0
-0.7248723816229538: 10 10 20 20 0 0 -20 20 -30 50 0 0 -50 0 0 -5 30 0 0 10 0 0 0 -10 1 5 -30 0
-0.7326815061368838: 10 10 20 20 0 0 -20 20 -30 50 0 0 -50 0 0 0 30 0 -5 0 -5 0 0 -5 20 -5 -30 -2
-0.7462834648189339: -5 50 10 30 -20 0 1 2 -20 50 0 0 -2 0 -50 -2 0 0 0 -2 -20 0 -30 0 20 -2 -5 0
-0.7480117136867709: -20 50 5 30 -20 0 -5 -50 -20 50 -5 0 0 0 -50 -2 0 0 20 5 0 0 -50 -10 10 -2 -2 0
-0.7483957689907347: 20 5 1 10 -10 -5 -5 -20 -10 30 5 0 2 0 -50 0 0 0 5 0 -5 0 -20 0 10 -2 -2 -2
-0.7483957689907347: 20 5 1 10 -10 -5 -5 -20 -10 30 5 0 2 0 -30 -2 0 0 5 0 -5 0 -20 0 10 -2 -2 0
-0.7547646861148005: -30 30 -5 10 -30 1 -30 -20 -20 50 -2 -50 -5 5 0 -20 0 0 0 0 -30 0 -2 2 20 -2 -30 50
-0.7547646861148005: -20 20 0 30 -50 20 -50 -20 -20 50 -2 -50 -30 5 -10 0 20 0 30 50 0 0 -2 2 20 -5 -30 1
-0.7547646861148005: -20 20 0 30 -50 20 -50 -20 -20 50 -2 -50 -30 5 -10 0 20 0 30 50 0 0 -2 2 20 -5 -30 1
-0.7547646861148005: -20 20 0 30 -50 20 -50 -20 -20 50 -2 -50 -30 5 -10 0 20 0 30 50 0 0 -2 2 20 -5 -30 1
-0.7547646861148005: -20 20 0 30 -50 20 -50 -20 -20 50 -2 -50 -30 5 -10 0 20 0 30 50 0 0 -2 2 20 -5 -30 1
-0.7547646861148005: -20 20 0 30 -50 20 -50 -20 -20 50 -2 -50 -30 5 -10 0 20 0 30 50 0 0 -2 2 20 -5 -30 1
-0.7547646861148005: -20 20 0 30 -50 20 -50 -20 -20 50 -2 -50 -30 5 -10 0 20 0 30 50 0 0 -2 2 20 -5 -30 1
