TrainingAccuracy: 0.884
TestAccuracy: 0.805776488568666
infeasible
infeasible
infeasible
infeasible
infeasible
infeasible
infeasible
no_sol
no_sol
-0.29921879189831785: 0 0 20 0 0 0 0 20 0 -30 -20 0 0 -30 0 0 0 0 0 0 0 0 0 -30 0 0 0 0 -50 0 0 -30 0 0 30 0 1
-0.3867069486404834: 0 0 5 10 0 10 0 0 0 -20 -2 0 0 -50 0 0 0 0 0 0 0 0 0 -20 0 0 0 0 -50 0 0 -30 0 0 30 0 1
-0.4169184290030212: 0 0 0 5 -5 5 0 0 0 -10 0 10 0 -30 0 0 0 0 0 0 0 0 0 -20 0 0 0 2 -50 0 0 -30 0 0 30 30 0
-0.4350453172205438: 0 0 0 5 0 5 20 0 0 -10 0 0 0 -30 0 0 0 0 0 -20 0 -20 0 -30 0 0 0 0 -50 0 0 -30 0 0 30 20 1
-0.44108761329305135: 5 0 0 30 0 0 20 -30 0 -20 0 0 0 -50 0 0 0 0 0 -30 0 -50 0 -30 0 0 0 0 -50 0 0 -30 -2 0 30 50 0
-0.45317220543806647: 0 0 20 30 0 0 20 -20 0 -30 0 0 0 -50 10 0 0 0 0 -30 0 -50 0 -30 0 0 0 0 -50 0 0 -50 0 0 20 30 1
-0.45317220543806647: 0 0 20 30 0 0 20 -20 0 -30 0 0 0 -50 10 0 0 0 0 -30 0 -50 0 -30 0 0 0 0 -50 0 0 -50 0 0 20 30 1
-0.459214501510574: 5 0 0 20 10 0 5 -20 0 -10 0 5 20 -50 0 0 0 0 0 -20 0 -30 0 -30 0 0 0 0 -50 1 0 -50 0 0 30 30 0
-0.459214501510574: 5 0 0 20 10 0 5 -20 0 -10 0 5 20 -50 0 0 0 0 0 -20 0 -30 0 -30 0 0 0 0 -50 1 0 -50 0 0 30 30 0
-0.459214501510574: 5 0 0 20 10 0 5 -20 0 -10 0 5 20 -50 0 0 0 0 0 -20 0 -30 0 -30 0 0 0 0 -50 1 0 -50 0 0 30 30 0
-0.47129909365558914: 20 -2 0 0 0 5 20 0 5 -5 0 0 0 -30 0 0 0 5 2 -20 0 -20 0 -20 0 0 0 -1 -50 0 -2 -20 0 -2 20 30 -20
-0.47129909365558914: 20 -2 0 0 0 5 20 0 5 -5 0 0 0 -30 0 0 0 5 2 -20 0 -20 0 -20 0 0 0 -1 -50 0 -2 -20 0 -2 20 30 -20
-0.48338368580060426: 20 -5 0 0 -10 10 10 2 0 -10 0 0 0 -30 0 -10 0 0 0 -20 5 -5 0 -10 5 0 2 -1 -50 0 0 -20 0 -10 20 30 -20
-0.48338368580060426: 20 -5 0 0 -10 10 10 2 0 -10 0 0 0 -30 0 -10 0 0 0 -20 5 -5 0 -10 5 0 2 -1 -50 0 0 -20 0 -10 20 30 -20
-0.48338368580060426: 20 -5 0 0 -10 10 10 2 0 -10 0 0 0 -30 0 -10 0 0 0 -20 5 -5 0 -10 5 0 2 -1 -50 0 0 -20 0 -10 20 30 -20
-0.48338368580060426: 20 -5 0 0 -10 10 10 2 0 -10 0 0 0 -30 0 -10 0 0 0 -20 5 -5 0 -10 5 0 2 -1 -50 0 0 -20 0 -10 20 30 -20
-0.48338368580060426: 20 -5 0 0 -10 10 10 2 0 -10 0 0 0 -30 0 -10 0 0 0 -20 5 -5 0 -10 5 0 2 -1 -50 0 0 -20 0 -10 20 30 -20
-0.48942598187311176: 2 0 20 30 30 5 20 -20 0 -30 -20 -10 0 -50 30 -10 0 2 0 -50 0 -50 20 -30 0 2 0 50 -50 0 -10 -50 2 0 50 30 -50
-0.48942598187311176: 2 0 20 30 30 5 20 -20 0 -30 -20 -10 0 -50 30 -10 0 2 0 -50 0 -50 20 -30 0 2 0 50 -50 0 -10 -50 2 0 50 30 -50
-0.48942598187311176: 2 0 20 30 30 5 20 -20 0 -30 -20 -10 0 -50 30 -10 0 2 0 -50 0 -50 20 -30 0 2 0 50 -50 0 -10 -50 2 0 50 30 -50
-0.48942598187311176: 2 0 20 30 30 5 20 -20 0 -30 -20 -10 0 -50 30 -10 0 2 0 -50 0 -50 20 -30 0 2 0 50 -50 0 -10 -50 2 0 50 30 -50
-0.48942598187311176: 2 0 20 30 30 5 20 -20 0 -30 -20 -10 0 -50 30 -10 0 2 0 -50 0 -50 20 -30 0 2 0 50 -50 0 -10 -50 2 0 50 30 -50
-0.48942598187311176: 2 0 20 30 30 5 20 -20 0 -30 -20 -10 0 -50 30 -10 0 2 0 -50 0 -50 20 -30 0 2 0 50 -50 0 -10 -50 2 0 50 30 -50
-0.4954682779456193: 20 -5 0 5 2 5 10 -10 0 -5 10 5 5 -30 0 -2 0 2 2 -20 -2 -20 1 -20 5 0 5 1 -50 0 -5 -20 0 -10 20 20 -20
-0.4954682779456193: 20 -5 0 5 2 5 10 -10 0 -5 10 5 5 -30 0 -2 0 2 2 -20 -2 -20 1 -20 5 0 5 1 -50 0 -5 -20 0 -10 20 20 -20
-0.4954682779456193: 20 -5 0 5 2 5 10 -10 0 -5 10 5 5 -30 0 -2 0 2 2 -20 -2 -20 1 -20 5 0 5 1 -50 0 -5 -20 0 -10 20 20 -20
-0.4954682779456193: 20 -5 0 5 2 5 10 -10 0 -5 10 5 5 -30 0 -2 0 2 2 -20 -2 -20 1 -20 5 0 5 1 -50 0 -5 -20 0 -10 20 20 -20
-0.4954682779456193: 20 -5 0 5 2 5 10 -10 0 -5 10 5 5 -30 0 -2 0 2 2 -20 -2 -20 1 -20 5 0 5 1 -50 0 -5 -20 0 -10 20 20 -20
