TrainingAccuracy: 0.87
TestAccuracy: 0.812295312061383
infeasible
no_sol
no_sol
no_sol
no_sol
no_sol
no_sol
no_sol
no_sol
no_sol
no_sol
no_sol
0.576923076923077: 0 -2 0 0 0 -2 0 0 0 -10 0 0 0 -30 2 0 0 0 0 -30 2 0 0 0 0 0 0 0 -5 2 0 -5 0 0 10 10 -1
0.3803418803418803: 0 -5 0 0 -5 0 0 2 2 -10 0 0 -2 -50 2 0 0 0 0 -50 5 0 0 0 0 0 0 0 -10 0 0 -20 0 0 20 0 -1
0.3803418803418803: 0 -5 0 0 -5 0 0 2 2 -10 0 0 -2 -50 2 0 0 0 0 -50 5 0 0 0 0 0 0 0 -10 0 0 -20 0 0 20 0 -1
0.34188034188034194: 0 0 0 0 -5 2 0 0 0 -10 -2 0 0 -30 0 0 0 0 0 -50 2 -10 0 -20 0 0 5 0 -5 0 0 -30 0 0 30 5 -1
0.34188034188034194: 0 0 0 0 -5 2 0 0 0 -10 -2 0 0 -30 0 0 0 0 0 -50 2 -10 0 -20 0 0 5 0 -5 0 0 -30 0 0 30 5 -1
0.34188034188034194: 0 0 0 0 -5 2 0 0 0 -10 -2 0 0 -30 0 0 0 0 0 -50 2 -10 0 -20 0 0 5 0 -5 0 0 -30 0 0 30 5 -1
0.04700854700854695: -2 0 -2 0 -10 5 -2 0 0 -20 -2 0 0 -30 5 10 0 0 0 -50 10 -10 0 -30 0 0 5 -5 0 0 0 -50 0 0 30 10 0
0.04700854700854695: -2 0 -2 0 -10 5 -2 0 0 -20 -2 0 0 -30 5 10 0 0 0 -50 10 -10 0 -30 0 0 5 -5 0 0 0 -50 0 0 30 10 0
-0.08119658119658113: 0 -30 -5 2 -30 20 0 0 0 -30 -5 0 10 -30 10 10 0 0 0 -50 0 -50 0 -50 -10 0 5 0 10 2 0 -50 0 0 50 10 0
-0.30341880341880334: 5 -5 0 2 -5 0 -5 -20 0 -10 -5 0 2 -20 2 5 0 2 0 0 0 -20 -30 -20 0 0 0 -1 10 0 5 -10 0 0 20 5 0
-0.30341880341880334: 5 -5 0 2 -5 0 -5 -20 0 -10 -5 0 2 -20 2 5 0 2 0 0 0 -20 -30 -20 0 0 0 -1 10 0 5 -10 0 0 20 5 0
-0.30341880341880334: 5 -5 0 2 -5 0 -5 -20 0 -10 -5 0 2 -20 2 5 0 2 0 0 0 -20 -30 -20 0 0 0 -1 10 0 5 -10 0 0 20 5 0
-0.31196581196581197: 5 -5 0 2 -5 0 -5 -20 0 -10 -5 0 2 -20 2 5 0 2 0 0 0 -20 -30 -30 0 0 0 -1 10 0 5 -10 0 0 20 5 0
-0.31196581196581197: 5 -5 0 2 -5 0 -5 -20 0 -10 -5 0 2 -20 2 5 0 2 0 0 0 -20 -30 -30 0 0 0 -1 10 0 5 -10 0 0 20 5 0
-0.31196581196581197: 5 -5 0 2 -5 0 -5 -20 0 -10 -5 0 2 -20 2 5 0 2 0 0 0 -20 -30 -30 0 0 0 -1 10 0 5 -10 0 0 20 5 0
-0.36752136752136755: 0 -1 2 5 -1 2 -1 -2 2 -10 -30 -2 0 -50 2 5 0 2 0 -30 50 0 -30 0 0 0 0 -2 20 2 30 -5 0 0 50 0 -50
-0.36752136752136755: 0 -1 2 5 -1 2 -1 -2 2 -10 -30 -2 0 -50 2 5 0 2 0 -30 50 0 -30 0 0 0 0 -2 20 2 30 -5 0 0 50 0 -50
-0.36752136752136755: 0 -1 2 5 -1 2 -1 -2 2 -10 -30 -2 0 -50 2 5 0 2 0 -30 50 0 -30 0 0 0 0 -2 20 2 30 -5 0 0 50 0 -50
-0.36752136752136755: 0 -1 2 5 -1 2 -1 -2 2 -10 -30 -2 0 -50 2 5 0 2 0 -30 50 0 -30 0 0 0 0 -2 20 2 30 -5 0 0 50 0 -50
-0.36752136752136755: 0 -1 2 5 -1 2 -1 -2 2 -10 -30 -2 0 -50 2 5 0 2 0 -30 50 0 -30 0 0 0 0 -2 20 2 30 -5 0 0 50 0 -50
-0.36752136752136755: 0 -1 2 5 -1 2 -1 -2 2 -10 -30 -2 0 -50 2 5 0 2 0 -30 50 0 -30 0 0 0 0 -2 20 2 30 -5 0 0 50 0 -50
-0.36752136752136755: 0 -1 2 5 -1 2 -1 -2 2 -10 -30 -2 0 -50 2 5 0 2 0 -30 50 0 -30 0 0 0 0 -2 20 2 30 -5 0 0 50 0 -50
-0.36752136752136755: 0 -1 2 5 -1 2 -1 -2 2 -10 -30 -2 0 -50 2 5 0 2 0 -30 50 0 -30 0 0 0 0 -2 20 2 30 -5 0 0 50 0 -50
-0.36752136752136755: 0 -1 2 5 -1 2 -1 -2 2 -10 -30 -2 0 -50 2 5 0 2 0 -30 50 0 -30 0 0 0 0 -2 20 2 30 -5 0 0 50 0 -50
-0.36752136752136755: 0 -1 2 5 -1 2 -1 -2 2 -10 -30 -2 0 -50 2 5 0 2 0 -30 50 0 -30 0 0 0 0 -2 20 2 30 -5 0 0 50 0 -50
