TrainingAccuracy: 0.706
TestAccuracy: 0.648942508191838
infeasible
infeasible
infeasible
0.23518482926516754: 0 0 0 0 0 0 0 0 0 0 0 0 0 0 0 0 0 0 -2 50 0 0 0 0 30 0 -30 0
0.21865590364533283: 0 0 0 0 0 0 0 0 0 0 0 0 0 0 0 -20 0 0 0 50 -20 0 0 0 30 0 -20 0
0.09744378243321161: 0 0 0 0 0 -30 0 0 0 0 10 0 0 0 0 0 0 0 0 50 0 0 0 0 20 50 0 -1
0.04292395412902816: 0 0 0 0 0 -30 0 0 0 0 30 0 0 0 0 -2 0 0 0 50 -20 0 0 0 50 0 -20 0
-0.004868985841501694: 0 30 -20 2 0 0 0 0 0 -10 0 0 0 0 0 0 0 0 -1 50 0 0 0 0 10 2 0 0
-0.03171247357293866: 0 5 -5 0 2 -20 0 0 0 -5 0 0 0 0 0 0 0 0 2 30 0 0 0 0 20 2 0 0
-0.0720738035748606: 0 0 -5 0 0 -5 -20 2 0 -30 0 0 0 0 0 0 0 0 2 20 0 0 0 20 50 2 0 0
-0.1074380165289256: 0 30 -30 0 0 -10 -50 0 30 -30 30 0 0 0 0 0 0 0 0 50 0 0 -50 0 50 0 0 -2
-0.14023960535588442: 0 30 -30 0 0 -10 -30 0 20 -30 20 0 0 0 0 0 50 0 -5 20 0 0 -30 0 50 0 0 0
-0.15702479338842973: 0 20 -30 0 0 -20 -20 0 2 -30 10 0 0 0 0 0 0 0 -1 50 -20 0 0 20 30 30 0 0
-0.18646293804856173: 0 50 -50 0 0 -20 -50 0 30 -50 30 50 0 0 0 0 50 0 0 30 -50 0 -50 0 30 50 0 0
-0.1903389070408098: 0 5 -5 0 0 -2 -5 0 2 -5 2 5 0 0 0 2 50 0 0 2 -5 0 -5 0 2 5 0 0
-0.1903389070408098: 0 5 -5 0 0 -2 -5 0 2 -5 2 5 0 0 0 2 50 0 0 2 -5 0 -5 0 2 5 0 0
-0.21333845858158756: 0 20 -10 0 -2 -5 -30 0 5 -30 0 20 10 0 -20 1 50 0 0 5 -10 0 0 10 30 10 0 0
-0.2270484976616055: 0 50 -20 0 30 -30 0 -20 -5 -50 30 0 50 0 2 0 50 0 -1 30 -10 0 -50 0 50 10 5 0
-0.23505669805881224: 0 50 -20 0 30 -30 -10 -10 -10 -50 30 0 50 0 2 -1 50 0 5 30 0 0 -50 0 50 10 5 0
-0.2440899481068614: 0 5 -5 5 -5 -10 -30 0 2 -30 0 30 10 0 -5 0 50 0 20 30 0 0 -20 -2 20 10 2 -1
-0.25209814850406814: 0 30 -10 10 10 -10 -2 -20 5 -50 -10 20 0 0 -20 0 50 0 20 30 0 0 -30 -5 20 10 2 -1
-0.2593375616631431: 0 10 -20 20 -30 -20 -50 -2 -2 -50 0 50 20 0 -5 -2 50 0 -5 0 -30 0 -30 10 50 10 5 50
-0.26190018579024915: 5 20 -10 -10 20 -30 5 -2 -2 -50 -10 0 -5 -2 -30 2 50 0 0 30 0 0 5 30 50 -10 -5 1
-0.2629252354410917: 10 20 -10 -10 20 -30 5 -2 -5 -30 10 30 20 0 -5 -2 50 0 -5 30 0 0 -2 20 50 -20 -2 -2
-0.2629252354410917: 10 20 -10 -10 20 -30 5 -2 -5 -30 10 30 20 0 -5 -2 50 0 -5 30 0 0 -2 20 50 -20 -2 -2
-0.2629252354410917: 2 20 -10 -10 20 -30 5 -2 -5 -20 20 50 30 0 5 1 50 0 -30 5 -10 2 -2 20 50 -20 -2 10
-0.2629252354410917: 2 20 -10 -10 20 -30 5 -2 -5 -20 20 50 30 0 5 1 50 0 -30 5 -10 2 -2 20 50 -20 -2 10
-0.2629252354410917: 2 20 -10 -10 20 -30 5 -2 -5 -20 20 50 30 0 5 1 50 0 -30 5 -10 2 -2 20 50 -20 -2 10
