TrainingAccuracy: 0.74
TestAccuracy: 0.6246648793565683
infeasible
no_sol
no_sol
no_sol
no_sol
no_sol
0.039747181859646874: 0 50 0 0 0 0 0 -10 -20 0 20 0 0 0 0 0 0 0 0 0 0 0 -20 0 30 0 0 -5
0.039747181859646874: 0 50 0 0 0 0 0 -10 -20 0 20 0 0 0 0 0 0 0 0 0 0 0 -20 0 30 0 0 -5
-0.4908451163093764: 0 0 30 0 2 0 0 0 -10 10 0 0 0 0 0 -1 0 0 0 5 0 0 -20 0 0 2 -5 0
-0.4908451163093764: 0 0 30 0 2 0 0 0 -10 10 0 0 0 0 0 -1 0 0 0 5 0 0 -20 0 0 2 -5 0
-0.5505310484133707: 0 50 20 20 0 0 -20 0 -30 50 0 0 0 0 0 -1 0 0 0 20 0 0 0 -10 0 20 -30 0
-0.5602397862774484: 0 50 20 20 0 0 -20 0 -30 50 0 0 0 0 0 -1 1 0 0 20 0 0 0 -10 0 10 -30 0
-0.5602397862774484: 0 50 20 20 0 0 -20 0 -30 50 0 0 0 0 0 -1 1 0 0 20 0 0 0 -10 0 10 -30 0
-0.5609565387372124: -30 50 20 20 0 0 -50 50 -30 50 0 0 0 0 0 0 50 0 0 10 0 0 0 -10 0 2 -30 -1
-0.5736626050693947: -30 50 20 20 -2 0 -20 10 -30 50 0 0 0 0 0 -2 30 0 0 10 0 0 0 -10 0 5 -30 0
-0.5736626050693947: -30 50 20 20 -2 0 -20 10 -30 50 0 0 0 0 0 -2 30 0 0 10 0 0 0 -10 0 5 -30 0
-0.5773766859972633: -50 50 10 10 0 -5 -20 20 -30 50 10 0 -30 0 0 0 10 0 0 20 0 0 0 -5 10 0 -30 2
-0.5773766859972633: -50 50 10 10 0 -5 -20 20 -30 50 10 0 -30 0 0 0 10 0 0 20 0 0 0 -5 10 0 -30 2
-0.5773766859972633: -50 50 10 10 0 -5 -20 20 -30 50 10 0 -30 0 0 0 10 0 0 20 0 0 0 -5 10 0 -30 2
-0.6065028995894963: -50 50 10 30 -20 2 -30 20 -20 50 10 0 -20 0 10 1 30 0 0 20 0 0 0 -2 0 10 -30 -10
-0.6065028995894963: -50 50 10 30 -20 2 -30 20 -20 50 10 0 -20 0 10 1 30 0 0 20 0 0 0 -2 0 10 -30 -10
-0.6065028995894963: -50 50 10 30 -20 2 -30 20 -20 50 10 0 -20 0 10 1 30 0 0 20 0 0 0 -2 0 10 -30 -10
-0.6065028995894963: -50 50 10 30 -20 2 -30 20 -20 50 10 0 -20 0 10 1 30 0 0 20 0 0 0 -2 0 10 -30 -10
-0.6065028995894963: -50 50 10 30 -20 2 -30 20 -20 50 10 0 -20 0 10 1 30 0 0 20 0 0 0 -2 0 10 -30 -10
-0.6065028995894963: -50 50 10 30 -20 2 -30 20 -20 50 10 0 -20 0 10 1 30 0 0 20 0 0 0 -2 0 10 -30 -10
-0.6065028995894963: -50 50 10 30 -20 2 -30 20 -20 50 10 0 -20 0 10 1 30 0 0 20 0 0 0 -2 0 10 -30 -10
-0.6065028995894963: -50 50 10 30 -20 2 -30 20 -20 50 10 0 -20 0 10 1 30 0 0 20 0 0 0 -2 0 10 -30 -10
-0.6065028995894963: -50 50 10 30 -20 2 -30 20 -20 50 10 0 -20 0 10 1 30 0 0 20 0 0 0 -2 0 10 -30 -10
