TrainingAccuracy: 0.868
TestAccuracy: 0.8180655625214435
infeasible
infeasible
infeasible
infeasible
infeasible
no_sol
no_sol
-0.5427350427350428: 0 0 0 2 0 0 0 0 0 -30 0 0 0 -50 0 0 0 0 0 0 2 0 0 0 0 0 0 0 -5 0 0 -30 0 0 30 0 -1
-0.8290598290598291: 1 0 0 5 0 5 0 0 0 -10 0 0 0 -50 0 0 0 0 0 0 0 0 0 -10 0 0 0 0 -30 0 0 -10 0 0 20 0 0
-0.8376068376068376: 0 0 0 20 0 10 0 0 0 -30 0 0 0 -50 0 0 0 0 0 0 0 0 0 -30 0 0 0 0 -50 0 10 -30 0 0 30 0 1
-0.8717948717948718: 0 0 0 20 0 10 0 0 0 -30 0 0 0 -50 0 0 0 0 0 0 0 -20 0 -20 0 0 0 0 -50 0 0 -30 0 0 30 50 1
-0.8974358974358975: 5 0 0 10 0 10 20 0 0 -20 0 0 0 -30 0 0 0 0 0 0 0 -30 0 -30 0 0 0 0 -50 0 0 -30 0 0 20 30 0
-0.9145299145299145: 0 0 0 10 0 0 5 -10 0 -5 0 10 0 -30 0 0 0 0 0 -20 0 0 0 -20 0 0 0 0 -50 0 0 -20 0 0 20 20 2
-0.9145299145299145: 0 0 0 10 0 0 5 -10 0 -5 0 10 0 -30 0 0 0 0 0 -20 0 0 0 -20 0 0 0 0 -50 0 0 -20 0 0 20 20 2
-0.9401709401709402: 2 0 0 10 0 20 30 0 0 -20 0 0 0 -50 0 0 0 0 0 -30 0 -30 0 -30 0 -10 0 0 -50 0 0 -50 0 0 30 30 -1
-0.9401709401709402: 2 0 0 10 0 20 30 0 0 -20 0 0 0 -50 0 0 0 0 0 -30 0 -30 0 -30 0 -10 0 0 -50 0 0 -50 0 0 30 30 -1
-0.9487179487179487: 1 0 0 0 -2 5 20 0 0 -10 0 0 5 -30 0 0 0 5 5 0 0 -30 0 -30 -2 0 0 0 -50 0 0 -30 0 -5 30 20 0
-0.9487179487179487: 1 0 0 0 -2 5 20 0 0 -10 0 0 5 -30 0 0 0 5 5 0 0 -30 0 -30 -2 0 0 0 -50 0 0 -30 0 -5 30 20 0
-0.9743589743589743: 0 0 10 5 0 20 20 0 0 -20 0 0 0 -50 0 -2 0 0 0 -30 -1 -20 0 -30 0 -5 5 0 -50 0 0 -30 2 -20 30 30 0
-0.9743589743589743: 20 0 20 10 0 5 0 0 0 -10 -10 0 0 -50 0 0 0 0 2 -50 0 -50 0 -30 0 0 20 30 -50 -1 0 -50 0 -20 50 50 -50
-0.9743589743589743: 20 0 20 10 0 5 0 0 0 -10 -10 0 0 -50 0 0 0 0 2 -50 0 -50 0 -30 0 0 20 30 -50 -1 0 -50 0 -20 50 50 -50
-0.9743589743589743: 20 0 20 10 0 5 0 0 0 -10 -10 0 0 -50 0 0 0 0 2 -50 0 -50 0 -30 0 0 20 30 -50 -1 0 -50 0 -20 50 50 -50
-0.9829059829059829: 30 0 5 10 20 5 10 -10 0 -10 0 0 0 -50 10 0 0 2 5 -20 20 0 20 0 0 0 5 -1 -50 0 0 -20 0 -10 20 50 -50
-0.9829059829059829: 30 0 5 10 20 5 10 -10 0 -10 0 0 0 -50 10 0 0 2 5 -20 20 0 20 0 0 0 5 -1 -50 0 0 -20 0 -10 20 50 -50
-0.9829059829059829: 30 0 5 10 20 5 10 -10 0 -10 0 0 0 -50 10 0 0 2 5 -20 20 0 20 0 0 0 5 -1 -50 0 0 -20 0 -10 20 50 -50
-0.9829059829059829: 30 0 5 10 20 5 10 -10 0 -10 0 0 0 -50 10 0 0 2 5 -20 20 0 20 0 0 0 5 -1 -50 0 0 -20 0 -10 20 50 -50
-0.9829059829059829: 30 0 5 10 20 5 10 -10 0 -10 0 0 0 -50 10 0 0 2 5 -20 20 0 20 0 0 0 5 -1 -50 0 0 -20 0 -10 20 50 -50
-0.9829059829059829: 30 0 5 10 20 5 10 -10 0 -10 0 0 0 -50 10 0 0 2 5 -20 20 0 20 0 0 0 5 -1 -50 0 0 -20 0 -10 20 50 -50
-0.9829059829059829: 30 0 5 10 20 5 10 -10 0 -10 0 0 0 -50 10 0 0 2 5 -20 20 0 20 0 0 0 5 -1 -50 0 0 -20 0 -10 20 50 -50
-1.0: 30 -20 2 5 -20 -10 0 0 0 2 0 0 20 -30 20 -20 0 5 2 -50 -5 -50 0 -30 -10 -10 -2 50 -50 -1 -10 -50 5 -2 30 30 -50
-1.0: 30 -20 2 5 -20 -10 0 0 0 2 0 0 20 -30 20 -20 0 5 2 -50 -5 -50 0 -30 -10 -10 -2 50 -50 -1 -10 -50 5 -2 30 30 -50
-1.0: 30 -20 2 5 -20 -10 0 0 0 2 0 0 20 -30 20 -20 0 5 2 -50 -5 -50 0 -30 -10 -10 -2 50 -50 -1 -10 -50 5 -2 30 30 -50
-1.0: 30 -20 2 5 -20 -10 0 0 0 2 0 0 20 -30 20 -20 0 5 2 -50 -5 -50 0 -30 -10 -10 -2 50 -50 -1 -10 -50 5 -2 30 30 -50
-1.0: 30 -20 2 5 -20 -10 0 0 0 2 0 0 20 -30 20 -20 0 5 2 -50 -5 -50 0 -30 -10 -10 -2 50 -50 -1 -10 -50 5 -2 30 30 -50
-1.0: 30 -20 2 5 -20 -10 0 0 0 2 0 0 20 -30 20 -20 0 5 2 -50 -5 -50 0 -30 -10 -10 -2 50 -50 -1 -10 -50 5 -2 30 30 -50
-1.0: 30 -20 2 5 -20 -10 0 0 0 2 0 0 20 -30 20 -20 0 5 2 -50 -5 -50 0 -30 -10 -10 -2 50 -50 -1 -10 -50 5 -2 30 30 -50
-1.0: 30 -20 2 5 -20 -10 0 0 0 2 0 0 20 -30 20 -20 0 5 2 -50 -5 -50 0 -30 -10 -10 -2 50 -50 -1 -10 -50 5 -2 30 30 -50
