TrainingAccuracy: 0.84
TestAccuracy: 0.7918673268669877
infeasible
infeasible
infeasible
infeasible
no_sol
no_sol
no_sol
-0.2282661896001755: 0 0 0 0 0 -10 2 0 30 2 0 20 0 0 0 0 0 0 -20 0 -30 -1
-0.2282661896001755: 0 0 0 0 0 -10 2 0 30 2 0 20 0 0 0 0 0 0 -20 0 -30 -1
-0.27164098496227906: 0 5 0 0 -2 -30 0 -5 50 20 0 30 0 0 0 0 0 0 -30 0 -50 1
-0.2846703009231911: 0 5 0 0 0 -10 20 0 30 2 0 20 0 -10 -2 0 0 0 -20 0 -30 -1
-0.2865943190832222: 0 10 0 0 -2 -10 20 0 30 5 0 20 0 0 -2 0 0 -2 -20 0 -30 -2
-0.29695701338374036: -5 10 0 0 0 -20 20 0 30 10 -5 10 0 5 -2 0 0 0 -10 0 -30 -1
-0.3008050497038025: -5 5 -50 0 2 -10 20 0 30 10 -5 20 0 2 0 0 0 0 -20 0 -30 -1
-0.30731970768425854: -5 20 0 0 2 -30 30 0 50 10 -5 20 0 5 0 -2 0 0 -20 0 -50 -1
-0.30731970768425854: -5 20 0 0 2 -30 30 0 50 10 -5 20 0 5 0 -2 0 0 -20 0 -50 -1
-0.30998632934465237: -5 10 -50 0 -10 -10 20 0 30 10 -5 5 -2 2 0 -2 0 0 -10 5 -30 -2
-0.30998632934465237: -5 10 -50 0 -10 -10 20 0 30 10 -5 5 -2 2 0 -2 0 0 -10 5 -30 -2
-0.30998632934465237: -5 10 -50 0 -10 -10 20 0 30 10 -5 5 -2 2 0 -2 0 0 -10 5 -30 -2
-0.31191034750468344: -5 10 -30 0 -2 -10 20 0 20 10 5 5 -2 2 -2 -2 0 0 -10 5 -30 -2
-0.3138343656647145: -5 10 -30 0 2 -20 20 0 30 10 -5 10 -5 10 -2 -5 0 2 -10 0 -30 -1
-0.3138343656647145: -5 10 -30 0 2 -20 20 0 30 10 -5 10 -5 10 -2 -5 0 2 -10 0 -30 -1
