TrainingAccuracy: 0.706
TestAccuracy: 0.648942508191838
infeasible
infeasible
infeasible
infeasible
infeasible
infeasible
0.2614837593695945: 0 0 -20 50 -20 0 0 0 30 0 0 0 0 0 0 0 0 0 -50 0 0 0 0 0 30 50 0 0
0.15609584214235378: 0 0 -20 0 0 -20 0 0 0 0 20 0 0 0 0 0 0 0 0 50 30 0 0 0 30 0 -10 -5
0.07832019988468192: 0 20 -20 0 0 -20 0 0 0 0 20 0 20 0 0 0 0 0 0 50 0 0 0 0 30 0 -10 -5
0.04731244794669742: 0 50 -30 20 0 -30 0 0 0 0 30 0 50 0 0 0 0 0 -30 50 0 0 0 0 50 20 0 0
0.045262348645012496: 0 20 -20 0 0 -30 0 0 0 0 20 0 20 0 0 0 0 0 -2 50 -20 0 0 0 30 5 -5 0
0.028733423025177784: 0 20 -20 0 0 -30 0 0 0 0 20 0 10 0 0 0 50 0 -2 10 -20 0 0 0 30 5 -5 0
0.00884105323851625: 0 0 -20 -20 0 -50 0 0 10 0 30 0 20 0 0 2 30 0 0 20 0 0 -5 0 30 10 -5 0
-0.025017618040873824: 20 2 -10 0 0 -30 0 -20 0 0 30 0 50 0 0 0 50 0 0 10 -30 0 -20 0 30 30 0 -1
-0.06864629380485615: 0 2 -2 0 0 -30 -2 0 2 -2 2 0 30 0 0 -1 50 0 0 2 -2 0 -2 0 30 2 0 0
-0.07639823178935229: 10 20 -10 0 0 -30 -20 0 10 0 30 0 50 0 0 -2 50 0 -30 -20 -50 0 0 5 50 20 0 0
-0.07665449420206288: 30 20 -10 0 0 -30 -20 0 10 0 30 0 50 0 -20 -2 20 0 -30 -20 -50 0 0 10 50 20 0 0
-0.1296367480299827: 0 30 -50 0 -2 -30 -50 0 30 -50 20 0 0 0 -20 0 50 0 0 50 -30 0 -30 20 30 50 2 1
-0.13764494842718944: 0 30 -50 0 -5 -30 -50 0 30 -50 20 50 0 0 -20 2 50 0 0 50 -30 0 -50 0 10 50 5 20
-0.1534050868088923: 0 20 -20 0 -5 -10 -30 0 10 -30 5 20 0 0 -10 1 50 0 -30 0 -50 0 -30 -10 5 20 5 50
-0.15987571272983536: 0 10 -20 10 -20 -2 -50 2 20 -50 -5 0 -30 0 0 0 50 0 30 50 -10 0 -30 2 20 30 -5 1
-0.16243833685694153: 10 50 -50 0 -5 -20 -50 0 30 -30 30 50 20 0 -2 0 50 0 -10 20 -50 0 -30 5 20 50 2 1
-0.1673713883016209: 30 10 -50 -5 -20 -30 -50 2 20 -50 2 20 0 0 10 -1 50 0 0 30 -30 0 -30 5 30 30 -5 50
-0.1673713883016209: 30 10 -50 -5 -20 -30 -50 2 20 -50 2 20 0 0 10 -1 50 0 0 30 -30 0 -30 5 30 30 -5 50
-0.1673713883016209: 30 10 -50 -5 -20 -30 -50 2 20 -50 2 20 0 0 10 -1 50 0 0 30 -30 0 -30 5 30 30 -5 50
-0.1673713883016209: 30 10 -50 -5 -20 -30 -50 2 20 -50 2 20 0 0 10 -1 50 0 0 30 -30 0 -30 5 30 30 -5 50
-0.1673713883016209: 30 10 -50 -5 -20 -30 -50 2 20 -50 2 20 0 0 10 -1 50 0 0 30 -30 0 -30 5 30 30 -5 50
-0.1673713883016209: 30 10 -50 -5 -20 -30 -50 2 20 -50 2 20 0 0 10 -1 50 0 0 30 -30 0 -30 5 30 30 -5 50
