TrainingAccuracy: 0.732
TestAccuracy: 0.6459636580280012
infeasible
no_sol
no_sol
-0.24686716791979957: 0 0 30 -20 0 0 0 0 0 0 0 0 0 0 0 0 0 0 -20 0 0 0 0 0 0 50 0 0
-0.27694235588972427: 0 0 30 0 0 0 0 0 0 0 0 0 -30 0 0 -10 0 0 0 5 0 0 0 0 0 50 0 0
-0.48955722639933164: 0 0 0 -2 0 -20 0 0 0 2 0 0 0 0 0 0 0 0 0 0 0 0 -2 0 0 50 0 1
-0.5476190476190477: 0 0 0 -5 0 -20 0 0 0 10 0 0 0 0 0 0 0 0 0 0 0 0 -5 0 0 30 5 -2
-0.6073517126148705: 0 0 0 -5 0 -10 -20 0 0 10 0 0 0 0 0 0 0 0 0 0 0 0 -5 0 0 30 5 -2
-0.6416040100250626: 0 0 0 0 -20 -50 -50 0 0 50 0 0 0 0 0 0 0 0 0 0 0 0 -30 0 30 50 5 -2
-0.6416040100250626: 0 0 0 0 -20 -50 -50 0 0 50 0 0 0 0 0 0 0 0 0 0 0 0 -30 0 30 50 5 -2
-0.650375939849624: -2 0 0 0 -20 -50 -50 0 0 50 0 0 0 0 -50 0 0 0 0 0 0 0 -30 0 30 50 5 -2
-0.650375939849624: -2 0 0 0 -20 -50 -50 0 0 50 0 0 0 0 -50 0 0 0 0 0 0 0 -30 0 30 50 5 -2
-0.6549707602339181: 50 0 0 -30 5 -50 -30 0 0 50 0 0 0 20 -50 -2 0 0 0 0 0 0 -30 0 30 30 10 0
-0.664578111946533: 0 0 0 -20 -5 -30 -30 -30 0 50 0 0 0 20 -50 0 0 0 -5 0 0 0 -20 0 30 30 10 -1
-0.672514619883041: 0 0 0 -30 -2 -50 -20 -50 1 50 -20 0 0 0 -50 -10 0 0 20 0 0 0 -30 0 50 20 10 0
-0.672514619883041: 0 0 0 -30 -2 -50 -20 -50 1 50 -20 0 0 0 -50 -10 0 0 20 0 0 0 -30 0 50 20 10 0
-0.672514619883041: 0 0 0 -30 -2 -50 -20 -50 1 50 -20 0 0 0 -50 -10 0 0 20 0 0 0 -30 0 50 20 10 0
-0.6883876357560568: 0 -20 -2 -10 -20 -20 -50 0 20 30 -5 0 0 0 -50 0 0 0 0 5 -2 -50 -2 0 30 20 -10 1
-0.6883876357560568: 0 -20 -2 -10 -20 -20 -50 0 20 30 -5 0 0 0 -50 0 0 0 0 5 -2 -50 -2 0 30 20 -10 1
-0.6883876357560568: 0 -20 -2 -10 -20 -20 -50 0 20 30 -5 0 0 0 -50 0 0 0 0 5 -2 -50 -2 0 30 20 -10 1
-0.6883876357560568: 0 -20 -2 -10 -20 -20 -50 0 20 30 -5 0 0 0 -50 0 0 0 0 5 -2 -50 -2 0 30 20 -10 1
-0.6883876357560568: 0 -20 -2 -10 -20 -20 -50 0 20 30 -5 0 0 0 -50 0 0 0 0 5 -2 -50 -2 0 30 20 -10 1
-0.6883876357560568: 0 -20 -2 -10 -20 -20 -50 0 20 30 -5 0 0 0 -50 0 0 0 0 5 -2 -50 -2 0 30 20 -10 1
-0.6883876357560568: 0 -20 -2 -10 -20 -20 -50 0 20 30 -5 0 0 0 -50 0 0 0 0 5 -2 -50 -2 0 30 20 -10 1
-0.6883876357560568: 0 -20 -2 -10 -20 -20 -50 0 20 30 -5 0 0 0 -50 0 0 0 0 5 -2 -50 -2 0 30 20 -10 1
-0.6883876357560568: 0 -20 -2 -10 -20 -20 -50 0 20 30 -5 0 0 0 -50 0 0 0 0 5 -2 -50 -2 0 30 20 -10 1
-0.6883876357560568: 0 -20 -2 -10 -20 -20 -50 0 20 30 -5 0 0 0 -50 0 0 0 0 5 -2 -50 -2 0 30 20 -10 1
-0.6883876357560568: 0 -20 -2 -10 -20 -20 -50 0 20 30 -5 0 0 0 -50 0 0 0 0 5 -2 -50 -2 0 30 20 -10 1
