TrainingAccuracy: 0.724
TestAccuracy: 0.6444742329460829
no_sol
no_sol
no_sol
no_sol
0.23893065998329155: 0 0 30 0 -20 0 0 0 0 0 0 0 0 0 0 0 0 0 -20 0 0 -50 0 0 0 50 0 0
0.17752715121136164: 0 0 5 0 -2 0 0 0 0 -2 0 0 0 0 0 0 0 0 -2 0 0 -50 0 0 0 50 0 0
0.08521303258145363: 0 0 0 -5 0 -10 0 0 2 0 5 0 0 0 0 0 0 0 -1 5 0 0 0 0 0 30 0 0
0.04553049289891398: 0 30 0 0 0 -10 0 0 5 0 30 0 0 0 0 0 0 0 -30 0 0 -50 0 0 0 50 0 -1
0.018796992481203034: 0 0 20 0 -20 0 -30 0 0 0 30 0 0 0 30 0 0 0 -20 0 0 0 0 10 0 50 0 1
-0.08020050125313283: 0 50 20 20 0 0 0 0 0 -20 20 0 0 0 30 0 0 0 -30 0 0 0 -30 0 0 50 0 5
-0.08813700918964074: 0 30 20 10 0 0 0 0 0 -10 20 0 0 0 30 0 0 0 -30 0 0 -50 -20 0 0 50 0 5
-0.1549707602339181: 0 0 50 0 -30 -5 -30 0 -20 -30 50 0 0 0 0 -2 0 0 0 0 0 0 0 5 50 50 -20 0
-0.17836257309941517: 0 20 50 0 -20 0 -30 0 -20 -30 50 0 0 0 50 0 0 0 0 0 0 0 -10 0 50 50 -30 -1
-0.17836257309941517: 0 20 50 0 -20 0 -30 0 -20 -30 50 0 0 0 50 0 0 0 0 0 0 0 -10 0 50 50 -30 -1
-0.22681704260651636: 0 0 50 -2 -30 1 -50 0 -20 -30 50 0 0 0 50 0 0 0 0 0 -2 0 -2 5 50 50 -20 0
-0.2506265664160401: 5 0 50 0 -30 0 -50 5 -20 -30 50 0 0 30 50 0 0 0 0 0 0 0 -10 10 50 50 -20 -2
-0.2585630743525481: 10 0 50 0 -30 0 -50 10 -20 -30 50 0 0 5 50 -1 -5 0 0 0 0 0 -10 2 50 50 -20 0
-0.2593984962406014: 5 0 30 2 -30 0 -50 10 -20 -30 30 0 -2 0 30 10 0 0 0 5 0 0 0 10 50 30 -20 1
-0.2593984962406014: 5 0 30 2 -30 0 -50 10 -20 -30 30 0 -2 0 30 10 0 0 0 5 0 0 0 10 50 30 -20 1
-0.2673350041771094: 10 5 30 -2 -20 0 -30 0 -20 -50 10 0 -20 0 5 -1 -10 0 0 2 0 0 -5 10 50 30 -20 30
-0.26900584795321636: 5 -2 30 -2 -30 1 -50 5 -20 -30 30 0 -5 0 50 20 0 0 -2 0 0 -20 -2 10 50 30 -20 0
-0.26900584795321636: 5 -2 30 -2 -30 1 -50 5 -20 -30 30 0 -5 0 50 20 0 0 -2 0 0 -20 -2 10 50 30 -20 0
-0.26900584795321636: 5 -2 30 -2 -30 1 -50 5 -20 -30 30 0 -5 0 50 20 0 0 -2 0 0 -20 -2 10 50 30 -20 0
-0.2928153717627402: 10 0 30 -10 -20 -2 -50 10 -10 -50 5 0 -30 -20 10 50 20 50 0 -2 -20 0 -20 -2 30 30 -20 -2
-0.2928153717627402: 10 0 30 -10 -20 -2 -50 10 -10 -50 5 0 -30 -20 10 50 20 50 0 -2 -20 0 -20 -2 30 30 -20 -2
-0.2928153717627402: 10 0 30 -10 -20 -2 -50 10 -10 -50 5 0 -30 -20 10 50 20 50 0 -2 -20 0 -20 -2 30 30 -20 -2
-0.2928153717627402: 10 0 30 -10 -20 -2 -50 10 -10 -50 5 0 -30 -20 10 50 20 50 0 -2 -20 0 -20 -2 30 30 -20 -2
-0.2928153717627402: 10 0 30 -10 -20 -2 -50 10 -10 -50 5 0 -30 -20 10 50 20 50 0 -2 -20 0 -20 -2 30 30 -20 -2
