TrainingAccuracy: 0.808
TestAccuracy: 0.7850844468561351
no_sol
no_sol
no_sol
no_sol
-0.008685235100329425: 0 0 0 0 0 20 0 0 20 0 0 20 0 0 0 0 0 0 0 20 0 -50
-0.24797843665768193: 0 0 0 0 -2 0 0 0 2 0 0 0 2 0 0 0 0 0 0 2 2 -5
-0.2638514525306978: 0 0 0 0 -2 0 2 0 2 0 0 0 2 0 0 0 0 0 0 2 2 -5
-0.2638514525306978: 0 0 0 0 -2 0 2 0 2 0 0 0 2 0 0 0 0 0 0 2 2 -5
-0.27672955974842767: 0 0 0 0 -5 -2 2 -2 20 0 0 10 0 0 0 0 0 0 0 5 10 -30
-0.47319556753519015: 0 0 0 -1 -5 2 0 0 20 2 -20 30 0 0 0 0 2 0 0 0 30 -50
-0.47319556753519015: 0 0 0 -1 -5 2 0 0 20 2 -20 30 0 0 0 0 2 0 0 0 30 -50
-0.47319556753519015: 0 0 0 -1 -5 2 0 0 20 2 -20 30 0 0 0 0 2 0 0 0 30 -50
-0.47409404013177603: 0 0 0 0 -5 1 0 -2 30 0 -30 30 10 0 -5 -5 -2 0 0 20 30 -50
-0.47409404013177603: 0 0 0 0 -5 1 0 -2 30 0 -30 30 10 0 -5 -5 -2 0 0 20 30 -50
-0.5564540281521414: 1 -1 0 -1 -10 0 0 -10 20 0 -10 50 0 0 0 -10 -2 -5 2 10 50 -50
-0.5564540281521414: 1 -1 0 -1 -10 0 0 -10 20 0 -10 50 0 0 0 -10 -2 -5 2 10 50 -50
-0.5564540281521414: 1 -1 0 -1 -10 0 0 -10 20 0 -10 50 0 0 0 -10 -2 -5 2 10 50 -50
-0.5564540281521414: 1 -1 0 -1 -10 0 0 -10 20 0 -10 50 0 0 0 -10 -2 -5 2 10 50 -50
-0.6259359089547769: 2 5 0 -1 -20 0 -10 0 30 10 -50 30 10 0 -2 -10 -10 2 0 2 50 -50
-0.6259359089547769: 2 5 0 -1 -20 0 -10 0 30 10 -50 30 10 0 -2 -10 -10 2 0 2 50 -50
-0.6259359089547769: 2 5 0 -1 -20 0 -10 0 30 10 -50 30 10 0 -2 -10 -10 2 0 2 50 -50
-0.6259359089547769: 2 5 0 -1 -20 0 -10 0 30 10 -50 30 10 0 -2 -10 -10 2 0 2 50 -50
