TrainingAccuracy: 0.872
TestAccuracy: 0.8150088893047628
infeasible
infeasible
infeasible
infeasible
infeasible
infeasible
no_sol
no_sol
no_sol
no_sol
no_sol
-0.2791811846689895: 1 -50 0 0 0 0 0 0 0 -30 0 0 0 -50 20 0 0 0 0 0 30 0 0 -2 -50 0 2 0 -30 -20 0 0 0 0 50 0 0
-0.2791811846689895: 1 -50 0 0 0 0 0 0 0 -30 0 0 0 -50 20 0 0 0 0 0 30 0 0 -2 -50 0 2 0 -30 -20 0 0 0 0 50 0 0
-0.33572880371660857: 1 -50 0 0 0 0 0 0 0 -20 0 0 30 -50 30 0 0 0 10 0 30 0 0 -20 -50 0 -2 0 -30 -20 0 0 0 0 50 0 0
-0.3416811846689895: 1 -50 0 0 0 0 0 0 10 -20 0 0 30 -50 20 0 0 0 10 0 30 0 0 -20 -50 0 -2 0 -30 -20 0 0 0 0 50 0 0
-0.3416811846689895: 1 -50 0 0 0 0 0 0 10 -20 0 0 30 -50 20 0 0 0 10 0 30 0 0 -20 -50 0 -2 0 -30 -20 0 0 0 0 50 0 0
-0.35714285714285715: 2 -30 5 0 0 2 20 0 0 -10 0 0 0 -50 20 0 0 0 5 -10 0 -10 0 -30 -30 0 2 0 -50 0 0 20 0 0 30 0 0
-0.3596835075493612: 0 -20 5 0 0 2 10 0 0 -10 0 0 0 -30 10 0 0 0 5 0 0 -10 5 -20 -10 2 5 0 -20 0 0 10 0 0 20 0 -1
-0.3628048780487805: -1 0 10 2 0 2 0 0 50 -10 0 10 50 -50 0 0 0 -2 0 -20 0 -20 10 -50 -20 0 5 0 -50 0 5 0 0 0 50 0 0
-0.3778310104529617: -1 -10 5 10 0 2 0 -5 30 -10 0 0 50 -50 0 0 0 0 5 0 0 -10 0 -30 -30 0 -2 0 -50 0 10 20 0 0 30 10 0
-0.3837833914053426: -1 -10 5 10 0 2 0 -5 20 -10 0 0 50 -50 10 0 0 0 5 0 0 -10 0 -30 -30 0 -2 0 -50 0 10 20 0 0 30 10 0
-0.3837833914053426: -1 -10 5 10 0 2 0 -5 20 -10 0 0 50 -50 10 0 0 0 5 0 0 -10 0 -30 -30 0 -2 0 -50 0 10 20 0 0 30 10 0
-0.3891550522648084: 0 -20 2 5 0 2 0 -5 50 -30 -20 0 50 -50 0 0 0 -2 0 -30 50 0 50 -5 -30 -2 0 0 -50 -20 0 0 -1 -20 50 30 0
-0.39256678281068524: -1 -10 5 0 0 2 20 0 30 -5 10 5 50 -20 0 -20 0 -5 0 10 0 -30 5 -30 -50 0 5 0 -50 0 2 2 0 0 50 20 0
-0.39256678281068524: -1 -10 5 0 0 2 20 0 30 -5 10 5 50 -20 0 -20 0 -5 0 10 0 -30 5 -30 -50 0 5 0 -50 0 2 2 0 0 50 20 0
-0.39568815331010454: -1 -20 -2 0 -5 2 0 -5 20 -2 2 5 50 -50 -2 0 0 2 5 0 0 -20 0 -30 -30 0 2 0 -50 0 10 10 0 -10 50 30 0
-0.39568815331010454: -1 -20 -2 0 -5 2 0 -5 20 -2 2 5 50 -50 -2 0 0 2 5 0 0 -20 0 -30 -30 0 2 0 -50 0 10 10 0 -10 50 30 0
-0.39880952380952384: -1 -20 -2 0 -5 2 0 -5 20 -2 2 5 50 -50 -2 0 0 2 5 -5 0 -20 0 -30 -30 0 2 10 -50 0 10 10 0 -10 50 30 -10
-0.39880952380952384: -1 -20 -2 0 -5 2 0 -5 20 -2 2 5 50 -50 -2 0 0 2 5 -5 0 -20 0 -30 -30 0 2 10 -50 0 10 10 0 -10 50 30 -10
-0.39880952380952384: -1 -20 -2 0 -5 2 0 -5 20 -2 2 5 50 -50 -2 0 0 2 5 -5 0 -20 0 -30 -30 0 2 10 -50 0 10 10 0 -10 50 30 -10
-0.39880952380952384: -1 -20 -2 0 -5 2 0 -5 20 -2 2 5 50 -50 -2 0 0 2 5 -5 0 -20 0 -30 -30 0 2 10 -50 0 10 10 0 -10 50 30 -10
-0.39880952380952384: -1 -20 -2 0 -5 2 0 -5 20 -2 2 5 50 -50 -2 0 0 2 5 -5 0 -20 0 -30 -30 0 2 10 -50 0 10 10 0 -10 50 30 -10
-0.39880952380952384: -1 -20 -2 0 -5 2 0 -5 20 -2 2 5 50 -50 -2 0 0 2 5 -5 0 -20 0 -30 -30 0 2 10 -50 0 10 10 0 -10 50 30 -10
-0.39880952380952384: -1 -20 -2 0 -5 2 0 -5 20 -2 2 5 50 -50 -2 0 0 2 5 -5 0 -20 0 -30 -30 0 2 10 -50 0 10 10 0 -10 50 30 -10
-0.39880952380952384: -1 -20 -2 0 -5 2 0 -5 20 -2 2 5 50 -50 -2 0 0 2 5 -5 0 -20 0 -30 -30 0 2 10 -50 0 10 10 0 -10 50 30 -10
-0.39880952380952384: -1 -20 -2 0 -5 2 0 -5 20 -2 2 5 50 -50 -2 0 0 2 5 -5 0 -20 0 -30 -30 0 2 10 -50 0 10 10 0 -10 50 30 -10
-0.39880952380952384: -1 -20 -2 0 -5 2 0 -5 20 -2 2 5 50 -50 -2 0 0 2 5 -5 0 -20 0 -30 -30 0 2 10 -50 0 10 10 0 -10 50 30 -10
