TrainingAccuracy: 0.84
TestAccuracy: 0.7918673268669877
infeasible
infeasible
infeasible
infeasible
no_sol
no_sol
no_sol
no_sol
no_sol
no_sol
no_sol
0.08970312737337766: -5 0 0 2 -5 2 50 0 50 -5 0 0 0 30 20 0 0 0 0 2 -20 -50
0.0845217802231186: -10 0 -20 0 -10 -1 20 -5 30 -10 0 0 0 20 2 0 0 10 0 0 -10 -20
0.06053906263185431: -10 0 -50 0 -20 -1 10 -5 30 -10 0 0 0 20 2 0 0 10 0 2 -10 -20
0.06053906263185431: -10 0 -50 0 -20 -1 10 -5 30 -10 0 0 0 20 2 0 0 10 0 2 -10 -20
0.06053906263185431: -10 0 -50 0 -20 -1 10 -5 30 -10 0 0 0 20 2 0 0 10 0 2 -10 -20
0.06053906263185431: -10 0 -50 0 -20 -1 10 -5 30 -10 0 0 0 20 2 0 0 10 0 2 -10 -20
-0.03302897841386643: -20 -5 0 0 -2 -1 10 -5 30 -10 0 10 -10 20 2 -20 0 5 0 2 10 -20
-0.03302897841386643: -20 -5 0 0 -2 -1 10 -5 30 -10 0 10 -10 20 2 -20 0 5 0 2 10 -20
-0.03302897841386643: -20 -5 0 0 -2 -1 10 -5 30 -10 0 10 -10 20 2 -20 0 5 0 2 10 -20
-0.03302897841386643: -20 -5 0 0 -2 -1 10 -5 30 -10 0 10 -10 20 2 -20 0 5 0 2 10 -20
-0.03302897841386643: -20 -5 0 0 -2 -1 10 -5 30 -10 0 10 -10 20 2 -20 0 5 0 2 10 -20
