TrainingAccuracy: 0.894
TestAccuracy: 0.8051838682511463
no_sol
no_sol
no_sol
no_sol
no_sol
no_sol
-0.1034090909090909: 0 -50 0 0 0 0 0 0 0 -30 0 0 0 -30 0 0 0 0 0 0 30 0 0 0 0 0 2 0 0 0 0 0 0 0 0 2 -1
-0.1034090909090909: 0 -50 0 0 0 0 0 0 0 -30 0 0 0 -30 0 0 0 0 0 0 30 0 0 0 0 0 2 0 0 0 0 0 0 0 0 2 -1
-0.1034090909090909: 0 -50 0 0 0 0 0 0 0 -30 0 0 0 -30 0 0 0 0 0 0 30 0 0 0 0 0 2 0 0 0 0 0 0 0 0 2 -1
-0.15681818181818186: 0 -50 0 0 0 0 0 -30 0 -30 0 0 0 -30 20 0 0 0 0 0 50 0 0 0 -50 -30 0 0 0 0 0 0 0 0 0 50 1
-0.275: 1 -50 0 0 0 0 0 -50 0 -30 0 0 0 -30 10 0 0 -50 0 0 50 0 0 0 -50 -30 0 0 0 0 0 0 0 0 0 20 0
-0.31931818181818183: 0 -30 0 0 0 0 0 0 -10 -5 0 0 -2 -50 5 0 0 -30 0 0 2 0 0 0 0 0 2 0 0 0 0 0 0 0 30 5 -1
-0.3375: 0 -30 0 0 0 0 0 0 -30 -5 0 0 -2 -50 5 0 0 -30 0 -50 2 0 0 0 0 0 2 0 0 0 0 0 0 0 30 5 -1
-0.3375: 0 -30 0 0 0 0 0 0 -30 -5 0 0 -2 -50 5 0 0 -30 0 -50 2 0 0 0 0 0 2 0 0 0 0 0 0 0 30 5 -1
-0.3556818181818182: 0 -30 0 0 0 0 0 -30 -10 -5 0 0 -2 -50 5 0 0 -30 0 -30 2 0 -50 0 0 0 2 0 0 0 0 0 0 0 30 5 -1
-0.3556818181818182: 0 -30 0 0 0 0 0 -30 -10 -5 0 0 -2 -50 5 0 0 -30 0 -30 2 0 -50 0 0 0 2 0 0 0 0 0 0 0 30 5 -1
-0.4375: 0 -50 0 0 0 0 0 -50 -50 -30 0 0 0 -30 10 0 0 -30 5 -50 30 0 0 -2 -20 -5 0 -2 0 -2 0 -30 0 0 0 10 0
-0.4375: 0 -50 0 0 0 0 0 -50 -50 -30 0 0 0 -30 10 0 0 -30 5 -50 30 0 0 -2 -20 -5 0 -2 0 -2 0 -30 0 0 0 10 0
-0.4375: 0 -50 0 0 0 0 0 -50 -50 -30 0 0 0 -30 10 0 0 -30 5 -50 30 0 0 -2 -20 -5 0 -2 0 -2 0 -30 0 0 0 10 0
-0.4375: 0 -50 0 0 0 0 0 -50 -50 -30 0 0 0 -30 10 0 0 -30 5 -50 30 0 0 -2 -20 -5 0 -2 0 -2 0 -30 0 0 0 10 0
-0.4375: 0 -50 0 0 0 0 0 -50 -50 -30 0 0 0 -30 10 0 0 -30 5 -50 30 0 0 -2 -20 -5 0 -2 0 -2 0 -30 0 0 0 10 0
-0.4375: 0 -50 0 0 0 0 0 -50 -50 -30 0 0 0 -30 10 0 0 -30 5 -50 30 0 0 -2 -20 -5 0 -2 0 -2 0 -30 0 0 0 10 0
-0.4375: 0 -50 0 0 0 0 0 -50 -50 -30 0 0 0 -30 10 0 0 -30 5 -50 30 0 0 -2 -20 -5 0 -2 0 -2 0 -30 0 0 0 10 0
-0.4375: 0 -50 0 0 0 0 0 -50 -50 -30 0 0 0 -30 10 0 0 -30 5 -50 30 0 0 -2 -20 -5 0 -2 0 -2 0 -30 0 0 0 10 0
-0.4375: 0 -50 0 0 0 0 0 -50 -50 -30 0 0 0 -30 10 0 0 -30 5 -50 30 0 0 -2 -20 -5 0 -2 0 -2 0 -30 0 0 0 10 0
-0.4375: 0 -50 0 0 0 0 0 -50 -50 -30 0 0 0 -30 10 0 0 -30 5 -50 30 0 0 -2 -20 -5 0 -2 0 -2 0 -30 0 0 0 10 0
-0.4375: 0 -50 0 0 0 0 0 -50 -50 -30 0 0 0 -30 10 0 0 -30 5 -50 30 0 0 -2 -20 -5 0 -2 0 -2 0 -30 0 0 0 10 0
-0.4465909090909091: 0 -50 -1 5 0 0 0 -50 -30 0 5 30 20 -50 50 0 0 0 30 0 50 0 0 0 0 -5 20 -50 -30 2 0 0 0 -1 50 5 -50
-0.4465909090909091: 0 -50 -1 5 0 0 0 -50 -30 0 5 30 20 -50 50 0 0 0 30 0 50 0 0 0 0 -5 20 -50 -30 2 0 0 0 -1 50 5 -50
-0.4465909090909091: 0 -50 -1 5 0 0 0 -50 -30 0 5 30 20 -50 50 0 0 0 30 0 50 0 0 0 0 -5 20 -50 -30 2 0 0 0 -1 50 5 -50
-0.4465909090909091: 0 -50 -1 5 0 0 0 -50 -30 0 5 30 20 -50 50 0 0 0 30 0 50 0 0 0 0 -5 20 -50 -30 2 0 0 0 -1 50 5 -50
-0.4465909090909091: 0 -50 -1 5 0 0 0 -50 -30 0 5 30 20 -50 50 0 0 0 30 0 50 0 0 0 0 -5 20 -50 -30 2 0 0 0 -1 50 5 -50
-0.4465909090909091: 0 -50 -1 5 0 0 0 -50 -30 0 5 30 20 -50 50 0 0 0 30 0 50 0 0 0 0 -5 20 -50 -30 2 0 0 0 -1 50 5 -50
-0.4465909090909091: 0 -50 -1 5 0 0 0 -50 -30 0 5 30 20 -50 50 0 0 0 30 0 50 0 0 0 0 -5 20 -50 -30 2 0 0 0 -1 50 5 -50
-0.4465909090909091: 0 -50 -1 5 0 0 0 -50 -30 0 5 30 20 -50 50 0 0 0 30 0 50 0 0 0 0 -5 20 -50 -30 2 0 0 0 -1 50 5 -50
-0.4465909090909091: 0 -50 -1 5 0 0 0 -50 -30 0 5 30 20 -50 50 0 0 0 30 0 50 0 0 0 0 -5 20 -50 -30 2 0 0 0 -1 50 5 -50
-0.4465909090909091: 0 -50 -1 5 0 0 0 -50 -30 0 5 30 20 -50 50 0 0 0 30 0 50 0 0 0 0 -5 20 -50 -30 2 0 0 0 -1 50 5 -50
