TrainingAccuracy: 0.892
TestAccuracy: 0.7991952839898943
infeasible
no_sol
no_sol
no_sol
no_sol
no_sol
no_sol
no_sol
no_sol
no_sol
no_sol
no_sol
no_sol
no_sol
no_sol
no_sol
no_sol
no_sol
-0.0897689768976897: -2 -50 0 10 0 20 30 0 0 0 0 20 5 -10 30 -50 0 0 0 0 50 0 0 -50 -20 0 0 0 20 0 0 0 -30 -30 50 10 -50
-0.1861386138613862: 0 -20 0 0 -30 0 20 0 0 0 2 5 30 0 10 -30 0 -20 0 0 50 -30 -50 0 -50 -2 0 -50 0 0 0 -30 0 -5 20 2 -1
-0.1861386138613862: 0 -20 0 0 -30 0 20 0 0 0 2 5 30 0 10 -30 0 -20 0 0 50 -30 -50 0 -50 -2 0 -50 0 0 0 -30 0 -5 20 2 -1
-0.1861386138613862: 0 -20 0 0 -30 0 20 0 0 0 2 5 30 0 10 -30 0 -20 0 0 50 -30 -50 0 -50 -2 0 -50 0 0 0 -30 0 -5 20 2 -1
-0.1960396039603961: 1 -20 -2 0 -10 0 10 0 0 -5 5 10 30 -5 10 -20 0 -10 0 0 50 -50 -30 0 -50 0 0 -50 0 0 0 -50 0 5 20 10 -5
-0.1960396039603961: 1 -20 -2 0 -10 0 10 0 0 -5 5 10 30 -5 10 -20 0 -10 0 0 50 -50 -30 0 -50 0 0 -50 0 0 0 -50 0 5 20 10 -5
-0.24290429042904293: 1 -20 -2 0 -30 0 20 0 0 -5 5 10 30 -20 10 -30 0 -10 0 0 50 -50 -30 -5 -30 0 0 -50 0 0 5 5 0 5 20 10 -5
-0.24290429042904293: 1 -20 -2 0 -30 0 20 0 0 -5 5 10 30 -20 10 -30 0 -10 0 0 50 -50 -30 -5 -30 0 0 -50 0 0 5 5 0 5 20 10 -5
-0.24290429042904293: 1 -20 -2 0 -30 0 20 0 0 -5 5 10 30 -20 10 -30 0 -10 0 0 50 -50 -30 -5 -30 0 0 -50 0 0 5 5 0 5 20 10 -5
-0.24290429042904293: 1 -20 -2 0 -30 0 20 0 0 -5 5 10 30 -20 10 -30 0 -10 0 0 50 -50 -30 -5 -30 0 0 -50 0 0 5 5 0 5 20 10 -5
-0.24290429042904293: 1 -20 -2 0 -30 0 20 0 0 -5 5 10 30 -20 10 -30 0 -10 0 0 50 -50 -30 -5 -30 0 0 -50 0 0 5 5 0 5 20 10 -5
-0.24290429042904293: 1 -20 -2 0 -30 0 20 0 0 -5 5 10 30 -20 10 -30 0 -10 0 0 50 -50 -30 -5 -30 0 0 -50 0 0 5 5 0 5 20 10 -5
-0.24290429042904293: 1 -20 -2 0 -30 0 20 0 0 -5 5 10 30 -20 10 -30 0 -10 0 0 50 -50 -30 -5 -30 0 0 -50 0 0 5 5 0 5 20 10 -5
-0.24290429042904293: 1 -20 -2 0 -30 0 20 0 0 -5 5 10 30 -20 10 -30 0 -10 0 0 50 -50 -30 -5 -30 0 0 -50 0 0 5 5 0 5 20 10 -5
-0.26270627062706275: 1 -20 -10 0 -20 0 20 -5 -2 -2 5 10 30 -20 2 -30 0 -10 -2 -5 50 -50 -20 -10 -30 2 0 0 50 0 -5 10 0 -2 20 10 -50
-0.26270627062706275: 1 -20 -10 0 -20 0 20 -5 -2 -2 5 10 30 -20 2 -30 0 -10 -2 -5 50 -50 -20 -10 -30 2 0 0 50 0 -5 10 0 -2 20 10 -50
-0.26270627062706275: 1 -20 -10 0 -20 0 20 -5 -2 -2 5 10 30 -20 2 -30 0 -10 -2 -5 50 -50 -20 -10 -30 2 0 0 50 0 -5 10 0 -2 20 10 -50
-0.26270627062706275: 1 -20 -10 0 -20 0 20 -5 -2 -2 5 10 30 -20 2 -30 0 -10 -2 -5 50 -50 -20 -10 -30 2 0 0 50 0 -5 10 0 -2 20 10 -50
-0.26270627062706275: 1 -20 -10 0 -20 0 20 -5 -2 -2 5 10 30 -20 2 -30 0 -10 -2 -5 50 -50 -20 -10 -30 2 0 0 50 0 -5 10 0 -2 20 10 -50
