TrainingAccuracy: 0.708
TestAccuracy: 0.647899910634495
infeasible
infeasible
infeasible
infeasible
infeasible
infeasible
no_sol
no_sol
no_sol
no_sol
-0.08527131782945735: 0 30 -5 20 0 0 0 0 5 0 10 0 20 0 0 -1 0 0 -30 0 0 0 0 2 20 30 0 0
-0.08527131782945735: 0 30 -5 20 0 0 0 0 5 0 10 0 20 0 0 -1 0 0 -30 0 0 0 0 2 20 30 0 0
-0.6494650522134666: 0 0 -10 5 -20 0 -50 30 -5 30 0 0 30 0 0 20 0 0 -30 0 0 0 0 0 20 10 0 2
-0.6494650522134666: 0 0 -10 5 -20 0 -50 30 -5 30 0 0 30 0 0 20 0 0 -30 0 0 0 0 0 20 10 0 2
-0.6494650522134666: 0 0 -10 5 -20 0 -50 30 -5 30 0 0 30 0 0 20 0 0 -30 0 0 0 0 0 20 10 0 2
-0.6587545646742263: 20 0 -5 2 -10 0 -50 20 -20 30 0 0 30 0 -10 0 0 0 2 30 0 0 -5 0 10 20 2 0
-0.6602921391504901: 50 0 -10 -5 -10 -10 -30 0 -10 20 0 30 0 0 -50 0 0 0 2 20 0 0 2 20 20 20 2 0
-0.6827791658658466: 20 0 -20 2 -20 -10 -50 10 -20 2 -30 0 0 0 -50 -2 0 0 -1 30 0 0 0 2 20 2 0 50
-0.6827791658658466: 20 0 -20 2 -20 -10 -50 10 -20 2 -30 0 0 0 -50 -2 0 0 -1 30 0 0 0 2 20 2 0 50
-0.7000768787238132: 0 0 -20 10 -20 -5 -50 10 -20 10 -30 0 0 0 -50 5 0 0 1 30 30 0 -2 10 20 5 -2 30
-0.7065475046447562: 10 2 -10 10 -20 5 -50 20 -10 20 -5 30 10 0 -10 0 0 0 0 20 0 0 -2 5 20 10 2 1
-0.7065475046447562: 10 2 -10 10 -20 5 -50 20 -10 20 -5 30 10 0 -10 0 0 0 0 20 0 0 -2 5 20 10 2 1
-0.7075725542955986: 0 10 -10 10 -20 5 -50 20 -10 20 -2 30 5 0 -50 -20 0 0 30 50 5 0 -10 2 10 10 2 -1
-0.7075725542955986: 0 10 -10 10 -20 5 -50 20 -10 20 -2 30 5 0 -50 -20 0 0 30 50 5 0 -10 2 10 10 2 -1
-0.7075725542955986: 0 10 -10 10 -20 5 -50 20 -10 20 -2 30 5 0 -50 -1 10 50 30 50 0 20 -10 2 10 10 2 -20
-0.7078288167083093: 20 2 -20 10 -20 -5 -50 20 -20 5 -30 10 -5 -30 -50 1 10 50 20 50 0 0 -2 5 10 5 -2 20
-0.7078288167083093: 20 2 -20 10 -20 -5 -50 20 -20 5 -30 10 -5 -30 -50 1 10 50 20 50 0 0 -2 5 10 5 -2 20
-0.7078288167083093: 20 2 -20 10 -20 -5 -50 20 -20 5 -30 10 -5 -30 -50 1 10 50 20 50 0 0 -2 5 10 5 -2 20
