TrainingAccuracy: 0.728
TestAccuracy: 0.6537086684539768
infeasible
infeasible
infeasible
infeasible
infeasible
infeasible
0.04987918260229468: 0 50 0 0 0 0 0 -10 -20 0 20 0 0 0 0 0 0 0 0 0 0 0 -20 0 30 0 0 -5
0.002640380214750937: 0 30 0 0 0 -2 0 0 -10 0 5 0 0 0 0 0 0 0 -10 0 0 0 0 10 20 0 0 1
-0.014034020899009458: 0 50 0 0 0 -2 0 0 -30 0 30 0 0 0 0 0 0 0 0 0 0 0 -30 0 30 5 -10 1
-0.05509593381446931: 0 50 0 0 -20 0 -30 0 -20 0 30 0 0 0 0 0 0 0 0 50 0 0 0 20 50 0 -10 -1
-0.11091197132387065: 30 0 20 0 0 -2 0 0 -20 -30 0 0 0 0 0 0 0 0 0 50 0 0 0 10 50 2 -5 1
-0.15187787041333944: 50 30 30 0 0 0 0 -2 -20 0 50 0 0 0 50 0 0 0 -30 0 0 0 -30 0 50 0 -5 1
-0.19226768654686271: 50 30 0 0 0 -30 0 -10 -20 0 50 0 0 0 50 5 0 0 -30 0 0 0 0 30 50 30 -10 0
-0.19226768654686271: 50 30 0 0 0 -30 0 -10 -20 0 50 0 0 0 50 5 0 0 -30 0 0 0 0 30 50 30 -10 0
-0.20017282488678367: 50 20 0 0 0 -30 0 -10 -20 0 50 0 0 0 50 30 2 0 -30 0 0 0 -30 0 20 30 -2 1
-0.20036485253876563: 30 30 0 0 0 -30 0 -5 -20 0 50 0 5 0 50 50 2 0 -50 0 0 0 -30 0 20 30 -2 1
-0.20036485253876563: 30 30 0 0 0 -30 0 -5 -20 0 50 0 5 0 50 50 2 0 -50 0 0 0 -30 0 20 30 -2 1
-0.20846201853066842: 50 20 0 0 -2 -30 -2 -5 -10 -10 30 0 0 0 30 -2 -20 0 -20 0 0 0 0 30 50 20 -2 5
-0.20855803235665937: 50 50 0 20 -20 -10 0 -50 -2 -30 30 0 -5 0 30 -1 0 0 -20 0 0 0 -50 2 30 5 -10 50
-0.21598310156662553: 50 30 10 0 -2 -10 0 -30 -2 -20 30 0 2 5 30 30 0 0 -50 0 0 0 -2 30 50 5 -20 1
-0.21713526747851686: 50 50 0 -2 0 -20 -50 50 -10 -5 50 0 10 0 50 -5 50 0 -2 50 0 0 -50 -2 5 20 -30 20
-0.22408026755852845: 50 50 0 5 -20 -10 -10 -50 -2 -20 50 0 5 30 50 20 0 0 0 50 50 0 -50 2 30 5 -20 -1
-0.22408026755852845: 50 50 0 5 -20 -10 -10 -50 -2 -20 50 0 5 30 50 20 0 0 0 50 50 0 -50 2 30 5 -20 -1
-0.22408026755852845: 50 50 0 5 -20 -10 -10 -50 -2 -20 50 0 5 30 50 20 0 0 0 50 50 0 -50 2 30 5 -20 -1
-0.22417628138451934: 50 50 20 20 -20 10 -20 -50 -5 -50 30 -50 -5 0 10 -1 -30 0 -20 50 50 0 -50 2 30 10 -30 50
-0.22417628138451934: 50 50 20 20 -20 10 -20 -50 -5 -50 30 -50 -5 0 10 -1 -30 0 -20 50 50 0 -50 2 30 10 -30 50
-0.22417628138451934: 50 50 20 20 -20 10 -20 -50 -5 -50 30 -50 -5 0 10 -1 -30 0 -20 50 50 0 -50 2 30 10 -30 50
-0.22417628138451934: 50 50 20 20 -20 10 -20 -50 -5 -50 30 -50 -5 0 10 -1 -30 0 -20 50 50 0 -50 2 30 10 -30 50
