TrainingAccuracy: 0.874
TestAccuracy: 0.8060260129128848
infeasible
infeasible
infeasible
infeasible
infeasible
infeasible
no_sol
no_sol
no_sol
no_sol
no_sol
no_sol
no_sol
-0.4965909090909091: 0 -30 0 0 0 0 0 -50 0 -30 0 0 0 -30 30 30 0 0 0 0 50 0 0 0 -30 -50 0 0 -50 0 0 0 0 -30 50 50 1
-0.7375: 0 -50 0 0 0 0 0 -50 0 -30 0 0 -20 -30 10 10 0 -20 0 0 50 0 0 0 -50 -30 0 5 -50 0 0 0 0 0 50 30 0
-0.8363636363636363: 0 -50 20 0 0 0 0 -30 0 -2 0 20 0 -50 5 0 0 -20 0 0 0 -20 0 -50 0 0 10 1 -50 0 0 -5 0 -20 50 0 0
-0.8909090909090909: 0 -30 0 0 0 0 0 -2 0 -20 0 0 0 -20 10 2 0 0 0 0 10 0 0 -20 -20 -2 0 1 -50 10 20 0 0 5 30 20 0
-0.8909090909090909: 0 -30 0 0 0 0 0 -2 0 -20 0 0 0 -20 10 2 0 0 0 0 10 0 0 -20 -20 -2 0 1 -50 10 20 0 0 5 30 20 0
-0.8909090909090909: 0 -30 0 0 0 0 0 -2 0 -20 0 0 0 -20 10 2 0 0 0 0 10 0 0 -20 -20 -2 0 1 -50 10 20 0 0 5 30 20 0
-0.9454545454545454: 0 -50 5 0 0 0 0 -30 0 -30 0 10 0 -30 10 10 0 0 5 0 0 -30 0 -50 -10 0 10 30 -50 0 10 -30 -10 0 50 0 1
-0.9636363636363636: 0 -50 2 0 0 0 0 -5 0 -30 0 -5 -20 -30 5 20 0 0 2 0 2 -20 0 -30 -30 -5 0 50 -50 0 20 -5 -20 0 50 0 0
-0.9727272727272728: 0 -50 5 0 10 0 0 -10 0 -20 0 10 0 -30 20 10 0 0 2 0 0 -20 0 -50 -20 -5 2 50 -50 0 20 -10 -30 0 50 0 -1
-0.9727272727272728: 0 -50 5 0 10 0 0 -10 0 -20 0 10 0 -30 20 10 0 0 2 0 0 -20 0 -50 -20 -5 2 50 -50 0 20 -10 -30 0 50 0 -1
-0.9727272727272728: 0 -50 5 0 10 0 0 -10 0 -20 0 10 0 -30 20 10 0 0 2 0 0 -20 0 -50 -20 -5 2 50 -50 0 20 -10 -30 0 50 0 -1
-0.9727272727272728: 0 -50 5 0 10 0 0 -10 0 -20 0 10 0 -30 20 10 0 0 2 0 0 -20 0 -50 -20 -5 2 50 -50 0 20 -10 -30 0 50 0 -1
-0.9727272727272728: 0 -50 5 0 10 0 0 -10 0 -20 0 10 0 -30 20 10 0 0 2 0 0 -20 0 -50 -20 -5 2 50 -50 0 20 -10 -30 0 50 0 -1
-0.9727272727272728: 0 -50 5 0 10 0 0 -10 0 -20 0 10 0 -30 20 10 0 0 2 0 0 -20 0 -50 -20 -5 2 50 -50 0 20 -10 -30 0 50 0 -1
-0.9727272727272728: 0 -50 5 0 10 0 0 -10 0 -20 0 10 0 -30 20 10 0 0 2 0 0 -20 0 -50 -20 -5 2 50 -50 0 20 -10 -30 0 50 0 -1
-0.9727272727272728: 0 -50 5 0 10 0 0 -10 0 -20 0 10 0 -30 20 10 0 0 2 0 0 -20 0 -50 -20 -5 2 50 -50 0 20 -10 -30 0 50 0 -1
-0.9727272727272728: 0 -50 5 0 10 0 0 -10 0 -20 0 10 0 -30 20 10 0 0 2 0 0 -20 0 -50 -20 -5 2 50 -50 0 20 -10 -30 0 50 0 -1
-0.9727272727272728: 0 -50 5 0 10 0 0 -10 0 -20 0 10 0 -30 20 10 0 0 2 0 0 -20 0 -50 -20 -5 2 50 -50 0 20 -10 -30 0 50 0 -1
-0.9727272727272728: 0 -50 5 0 10 0 0 -10 0 -20 0 10 0 -30 20 10 0 0 2 0 0 -20 0 -50 -20 -5 2 50 -50 0 20 -10 -30 0 50 0 -1
-0.9727272727272728: 0 -50 5 0 10 0 0 -10 0 -20 0 10 0 -30 20 10 0 0 2 0 0 -20 0 -50 -20 -5 2 50 -50 0 20 -10 -30 0 50 0 -1
-0.9727272727272728: 0 -50 5 0 10 0 0 -10 0 -20 0 10 0 -30 20 10 0 0 2 0 0 -20 0 -50 -20 -5 2 50 -50 0 20 -10 -30 0 50 0 -1
-0.9727272727272728: 0 -50 5 0 10 0 0 -10 0 -20 0 10 0 -30 20 10 0 0 2 0 0 -20 0 -50 -20 -5 2 50 -50 0 20 -10 -30 0 50 0 -1
-0.9727272727272728: 0 -50 5 0 10 0 0 -10 0 -20 0 10 0 -30 20 10 0 0 2 0 0 -20 0 -50 -20 -5 2 50 -50 0 20 -10 -30 0 50 0 -1
-0.9727272727272728: 0 -50 5 0 10 0 0 -10 0 -20 0 10 0 -30 20 10 0 0 2 0 0 -20 0 -50 -20 -5 2 50 -50 0 20 -10 -30 0 50 0 -1
