TrainingAccuracy: 0.848
TestAccuracy: 0.7989554364783287
no_sol
no_sol
no_sol
no_sol
no_sol
no_sol
no_sol
0.3081761006289308: 0 0 0 0 0 -30 0 -20 30 20 0 20 0 0 0 0 0 0 -5 0 -30 1
0.3081761006289308: 0 0 0 0 0 -30 0 -20 30 20 0 20 0 0 0 0 0 0 -5 0 -30 1
0.13731656184486374: -20 20 0 0 0 -50 0 -30 50 0 0 0 0 0 30 -30 0 0 10 0 -10 -2
0.08176100628930821: -1 5 0 0 0 -1 30 1 50 0 0 -2 0 30 5 -5 0 0 0 0 0 -50
-0.0691823899371069: -30 0 0 0 -50 0 0 -2 50 -20 -10 50 -50 50 0 -50 0 0 0 0 20 -30
-0.0691823899371069: -30 0 0 0 -50 0 0 -2 50 -20 -10 50 -50 50 0 -50 0 0 0 0 20 -30
-0.0691823899371069: -30 0 0 0 -50 0 0 -2 50 -20 -10 50 -50 50 0 -50 0 0 0 0 20 -30
-0.14325646401118097: -10 0 0 0 -2 0 20 1 30 -5 0 10 -30 30 2 -10 1 0 0 5 5 -30
-0.14325646401118097: -10 0 0 0 -2 0 20 1 30 -5 0 10 -30 30 2 -10 1 0 0 5 5 -30
-0.23619846261355693: -50 -5 0 0 -20 -50 -30 -30 50 -20 0 50 -30 30 5 -50 0 -10 0 10 30 -2
-0.23619846261355693: -50 -5 0 0 -20 -50 -30 -30 50 -20 0 50 -30 30 5 -50 0 -10 0 10 30 -2
-0.23619846261355693: -50 -5 0 0 -20 -50 -30 -30 50 -20 0 50 -30 30 5 -50 0 -10 0 10 30 -2
-0.2543675751222921: -50 -10 -50 0 -5 -50 -30 -30 50 -20 0 30 -20 30 5 -30 0 -10 0 10 30 -2
-0.3113207547169811: -50 -10 0 -5 -2 -50 -20 -30 50 -20 5 20 -20 30 0 -30 -2 -20 5 20 30 -2
-0.3113207547169811: -50 -10 0 -5 -2 -50 -20 -30 50 -20 5 20 -20 30 0 -30 -2 -20 5 20 30 -2
