TrainingAccuracy: 0.71
TestAccuracy: 0.6589216562406911
infeasible
no_sol
no_sol
-0.47795906683841416: 0 0 0 0 0 0 0 0 0 0 -20 0 0 0 0 0 0 0 -50 0 0 0 0 0 30 0 0 30
-0.4877629884070416: 0 0 0 0 0 0 0 0 0 0 -20 0 0 0 -50 0 0 0 -50 0 0 0 0 0 30 0 0 30
-0.6408329755259767: 0 0 0 0 0 0 -2 0 0 2 0 0 0 0 0 0 0 0 -1 5 0 0 -2 0 0 2 0 0
-0.6675254043223129: 0 0 0 0 0 0 -20 0 -20 50 0 0 0 0 0 0 0 0 -50 0 0 0 -20 0 0 50 0 30
-0.716115643337627: 0 0 0 0 -2 0 -5 0 -5 10 0 0 0 0 0 0 0 0 -2 30 0 0 -2 0 0 10 0 0
-0.7307141834836125: 0 0 -2 0 -2 -2 -5 0 -5 10 0 0 0 0 0 0 0 0 0 50 0 0 -2 0 0 10 0 0
-0.7453127236295979: 0 0 0 0 -10 0 -50 50 -30 50 0 0 20 0 0 0 0 0 -5 50 0 0 -10 0 0 30 0 0
-0.7453127236295979: 0 0 0 0 -10 0 -50 50 -30 50 0 0 20 0 0 0 0 0 -5 50 0 0 -10 0 0 30 0 0
-0.7574066122799485: 0 20 -20 0 -5 0 -50 30 5 30 0 0 0 0 -50 0 0 0 -2 30 0 0 -10 0 0 10 0 0
-0.767210533848576: 0 20 -20 0 -5 0 -50 30 5 30 0 20 0 0 -50 -2 0 0 0 20 0 0 -10 0 0 10 0 0
-0.767210533848576: 0 20 -20 0 -5 0 -50 30 5 30 0 20 0 0 -50 -2 0 0 0 20 0 0 -10 0 0 10 0 0
-0.767210533848576: 0 20 -20 0 -5 0 -50 30 5 30 0 20 0 0 -50 -2 0 0 0 20 0 0 -10 0 0 10 0 0
-0.7868183769858308: -5 20 -20 0 -10 0 -50 30 5 30 0 20 2 0 -50 0 0 0 -1 10 0 0 -10 0 2 10 0 0
-0.7868183769858308: -5 20 -20 0 -10 0 -50 30 5 30 0 20 2 0 -50 0 0 0 -1 10 0 0 -10 0 2 10 0 0
-0.7868183769858308: -5 20 -20 0 -10 0 -50 30 5 30 0 20 2 0 -50 0 0 0 -1 10 0 0 -10 0 2 10 0 0
-0.7868183769858308: -5 20 -20 0 -10 0 -50 30 5 30 0 20 2 0 -50 0 0 0 -1 10 0 0 -10 0 2 10 0 0
-0.7868183769858308: -5 20 -20 0 -10 0 -50 30 5 30 0 20 2 0 -50 0 0 0 -1 10 0 0 -10 0 2 10 0 0
-0.7868183769858308: -5 20 -20 0 -10 0 -50 30 5 30 0 20 2 0 -50 0 0 0 -1 10 0 0 -10 0 2 10 0 0
-0.7868183769858308: -5 20 -20 0 -10 0 -50 30 5 30 0 20 2 0 -50 0 0 0 -1 10 0 0 -10 0 2 10 0 0
-0.8064262201230857: 0 5 -10 20 -30 10 -50 30 -20 50 -5 0 20 0 0 20 0 0 -2 30 50 0 -30 -10 -2 -10 -2 -2
-0.8064262201230857: 0 5 -10 20 -30 10 -50 30 -20 50 -5 0 20 0 0 20 0 0 -2 30 50 0 -30 -10 -2 -10 -2 -2
-0.8064262201230857: 0 5 -10 20 -30 10 -50 30 -20 50 -5 0 20 0 0 20 0 0 -2 30 50 0 -30 -10 -2 -10 -2 -2
-0.8064262201230857: 0 5 -10 20 -30 10 -50 30 -20 50 -5 0 20 0 0 20 0 0 -2 30 50 0 -30 -10 -2 -10 -2 -2
-0.8064262201230857: 0 5 -10 20 -30 10 -50 30 -20 50 -5 0 20 0 0 20 0 0 -2 30 50 0 -30 -10 -2 -10 -2 -2
-0.8064262201230857: 0 5 -10 20 -30 10 -50 30 -20 50 -5 0 20 0 0 20 0 0 -2 30 50 0 -30 -10 -2 -10 -2 -2
