TrainingAccuracy: 0.724
TestAccuracy: 0.6464104855525767
infeasible
infeasible
infeasible
infeasible
infeasible
infeasible
infeasible
infeasible
infeasible
no_sol
no_sol
no_sol
no_sol
0.3748798769940419: 0 2 -2 -2 -5 -30 0 0 10 5 -2 0 -20 0 0 0 0 0 0 0 -2 0 -2 0 10 30 -5 0
0.3666154141841246: 0 2 -2 -2 -5 -30 0 0 10 5 -2 0 -20 0 0 0 0 0 0 0 0 -50 -2 0 10 30 -5 0
0.3666154141841246: 0 2 -2 -2 -5 -30 0 0 10 5 -2 0 -20 0 0 0 0 0 0 0 0 -50 -2 0 10 30 -5 0
0.08405407136908194: 50 -5 -5 0 -10 -50 0 -20 5 -20 0 0 -50 0 5 2 0 0 -30 0 0 0 -20 5 0 50 5 50
0.06749311294765842: 50 -10 -5 5 -20 -50 0 -30 5 -20 -5 0 -50 0 0 2 0 0 -20 -10 0 0 -20 0 50 0 5 50
0.06284835671727845: 50 -20 -5 2 -30 -30 -20 -20 5 0 20 0 -30 0 30 0 0 0 -5 0 0 0 2 30 50 10 5 -1
0.06284835671727845: 50 -20 -5 2 -30 -30 -20 -20 5 0 20 0 -30 0 30 0 0 0 -5 0 0 0 2 30 50 10 5 -1
0.053046319431097444: 10 -10 -10 10 -30 -30 -30 -2 10 2 20 0 -30 0 30 -10 0 0 -5 0 0 0 5 30 50 10 5 -1
0.04580690627202255: 50 -10 -5 5 -20 -30 -30 2 2 -20 0 0 -50 0 5 5 -5 0 0 30 50 0 5 30 50 10 5 -1
0.04555064385931196: 50 -10 -2 5 -20 -30 -30 0 5 -20 -5 0 -50 0 2 10 -5 0 20 50 0 30 -20 2 30 5 5 -1
0.03754244346210517: 50 -10 -5 5 -20 -30 -30 2 2 -20 0 0 -50 0 5 5 -5 0 0 30 50 -50 5 30 50 10 5 -1
0.03754244346210517: 50 -10 -5 5 -20 -30 -30 2 2 -20 0 0 -50 0 5 5 -5 0 0 30 50 -50 5 30 50 10 5 -1
0.033410212057146504: 50 -10 -5 5 -20 -30 -30 2 2 -20 0 0 -50 0 5 5 0 0 0 20 30 -30 5 30 50 10 5 -1
0.033410212057146504: 50 -10 -5 5 -20 -30 -30 2 2 -20 0 0 -50 0 5 5 0 0 0 20 30 -30 5 30 50 10 5 -1
0.033410212057146504: 50 -10 -5 5 -20 -30 -30 2 2 -20 0 0 -50 0 5 5 0 0 0 20 30 -30 5 30 50 10 5 -1
