TrainingAccuracy: 0.71
TestAccuracy: 0.6425379803395889
infeasible
infeasible
infeasible
infeasible
infeasible
infeasible
-0.3364297059248207: 0 0 20 0 -30 0 -50 0 0 0 -30 0 0 0 0 0 0 0 0 0 0 0 0 0 20 50 20 0
-0.4161813543822497: 0 0 -2 0 -10 -20 0 0 0 10 0 0 0 0 0 -1 0 0 0 0 0 0 0 2 0 50 5 0
-0.4680656495162921: 0 0 0 -20 2 -50 0 0 0 20 0 0 0 0 0 -1 0 0 0 0 0 0 -5 0 20 50 10 0
-0.4984839004668624: 0 0 0 5 -30 -50 -50 0 0 30 0 0 0 0 0 0 0 0 0 0 0 0 -10 0 50 50 20 -2
-0.5136930259421476: 0 0 0 0 -20 -20 -50 0 10 30 0 0 0 0 0 -10 0 0 0 0 0 0 -10 0 30 50 2 -1
-0.5289021514174328: 50 0 0 2 -5 -30 -30 0 0 5 0 0 0 0 -50 0 0 0 0 0 0 0 -2 0 30 30 2 -1
-0.5334905584701032: 0 0 0 0 -20 -2 -50 0 10 10 -20 0 0 0 5 0 0 0 0 2 0 0 0 10 30 30 2 -1
-0.5334905584701032: 0 0 0 0 -20 -2 -50 0 10 10 -20 0 0 0 5 0 0 0 0 2 0 0 0 10 30 30 2 -1
-0.5334905584701032: 0 0 0 0 -20 -2 -50 0 10 10 -20 0 0 0 5 0 0 0 0 2 0 0 0 10 30 30 2 -1
-0.5334905584701032: 0 0 0 0 -20 -2 -50 0 10 10 -20 0 0 0 5 0 0 0 0 2 0 0 0 10 30 30 2 -1
-0.5601546581957614: 50 0 -2 -10 -5 -30 -30 0 2 20 0 0 0 10 -50 1 0 0 -5 -2 0 0 -5 0 30 20 5 0
-0.5955784441128812: 50 -20 0 -5 -20 -10 -50 0 10 20 -2 0 0 10 -30 1 0 0 0 10 0 -50 0 2 20 30 -2 0
-0.5955784441128812: 50 -20 0 -5 -20 -10 -50 0 10 20 -2 0 0 10 -30 1 0 0 0 10 0 -50 0 2 20 30 -2 0
-0.5959955720267605: 50 -20 -2 -5 -20 -10 -50 2 10 20 -2 0 0 0 -30 1 0 0 0 10 0 -50 2 5 20 30 -5 0
-0.604017262678282: 50 -20 -2 -5 -20 -10 -50 0 10 20 -5 0 5 5 -50 -2 0 0 -2 10 0 0 -2 0 20 20 -5 10
-0.604017262678282: 50 -20 -2 -5 -20 -10 -50 0 10 20 -5 0 5 5 -50 -2 0 0 -2 10 0 0 -2 0 20 20 -5 10
-0.6099533137604081: -2 -20 -2 -5 -20 -10 -50 0 10 20 -5 0 5 5 -50 0 0 0 -2 10 1 -50 -5 -2 20 20 -5 10
-0.6099533137604081: -2 -20 -2 -5 -20 -10 -50 0 10 20 -5 0 5 5 -50 0 0 0 -2 10 1 -50 -5 -2 20 20 -5 10
-0.6099533137604081: -2 -20 -2 -5 -20 -10 -50 0 10 20 -5 0 5 5 -50 0 0 0 -2 10 1 -50 -5 -2 20 20 -5 10
-0.6099533137604081: -2 -20 -2 -5 -20 -10 -50 0 10 20 -5 0 5 5 -50 0 0 0 -2 10 1 -50 -5 -2 20 20 -5 10
-0.6099533137604081: -2 -20 -2 -5 -20 -10 -50 0 10 20 -5 0 5 5 -50 0 0 0 -2 10 1 -50 -5 -2 20 20 -5 10
-0.6099533137604081: -2 -20 -2 -5 -20 -10 -50 0 10 20 -5 0 5 5 -50 0 0 0 -2 10 1 -50 -5 -2 20 20 -5 10
