TrainingAccuracy: 0.87
TestAccuracy: 0.812295312061383
no_sol
no_sol
no_sol
no_sol
no_sol
0.18803418803418803: 0 0 0 0 0 0 0 0 0 -20 0 0 0 -50 0 0 0 0 0 0 20 0 0 0 -20 0 0 0 0 0 0 0 0 0 30 0 -1
-0.2948717948717948: 0 0 0 0 0 0 0 0 0 -20 0 0 0 -30 0 0 0 0 0 0 50 0 0 0 0 0 0 -30 0 0 0 -20 0 0 5 0 -2
-0.329059829059829: 0 0 0 0 -30 0 0 0 0 -10 0 0 0 -20 0 0 0 0 0 0 30 0 0 0 0 0 0 -20 0 0 0 -10 0 0 30 0 -1
-0.4017094017094017: 0 0 20 20 0 0 0 0 0 -30 0 0 0 -50 0 0 0 0 0 0 50 0 0 0 0 0 0 -30 0 -30 0 -50 0 0 50 0 0
-0.4273504273504274: -1 -30 0 0 -50 0 0 0 0 -30 0 0 0 -30 0 0 0 0 0 0 50 0 0 0 0 0 0 -30 0 0 10 -30 0 0 50 0 0
-0.4273504273504274: -1 -30 0 0 -50 0 0 0 0 -30 0 0 0 -30 0 0 0 0 0 0 50 0 0 0 0 0 0 -30 0 0 10 -30 0 0 50 0 0
-0.4358974358974359: -1 0 0 0 -50 0 0 -50 0 -30 -20 0 0 -50 0 0 0 0 0 0 50 0 0 0 0 0 0 -30 0 0 10 -30 0 0 50 0 0
-0.4358974358974359: -1 0 0 0 -50 0 0 -50 0 -30 -20 0 0 -50 0 0 0 0 0 0 50 0 0 0 0 0 0 -30 0 0 10 -30 0 0 50 0 0
-0.4358974358974359: -1 0 0 0 -50 0 0 -50 0 -30 -20 0 0 -50 0 0 0 0 0 0 50 0 0 0 0 0 0 -30 0 0 10 -30 0 0 50 0 0
-0.45299145299145294: 2 -10 0 0 0 0 0 -30 0 -30 -20 -20 0 -30 0 0 0 0 0 -30 50 0 0 0 0 0 10 -30 0 -5 0 -50 0 0 50 5 0
-0.49572649572649574: 0 -10 0 0 -20 2 0 0 10 -30 -20 -20 0 -50 0 0 0 0 2 0 50 0 0 0 0 2 0 -30 0 -5 0 -50 0 0 50 5 0
-0.49572649572649574: 0 -10 0 0 -20 2 0 0 10 -30 -20 -20 0 -50 0 0 0 0 2 0 50 0 0 0 0 2 0 -30 0 -5 0 -50 0 0 50 5 0
-0.49572649572649574: 0 -10 0 0 -20 2 0 0 10 -30 -20 -20 0 -50 0 0 0 0 2 0 50 0 0 0 0 2 0 -30 0 -5 0 -50 0 0 50 5 0
-0.49572649572649574: 0 -10 0 0 -20 2 0 0 10 -30 -20 -20 0 -50 0 0 0 0 2 0 50 0 0 0 0 2 0 -30 0 -5 0 -50 0 0 50 5 0
-0.49572649572649574: 0 -10 0 0 -20 2 0 0 10 -30 -20 -20 0 -50 0 0 0 0 2 0 50 0 0 0 0 2 0 -30 0 -5 0 -50 0 0 50 5 0
-0.49572649572649574: 0 -10 0 0 -20 2 0 0 10 -30 -20 -20 0 -50 0 0 0 0 2 0 50 0 0 0 0 2 0 -30 0 -5 0 -50 0 0 50 5 0
-0.49572649572649574: 0 -10 0 0 -20 2 0 0 10 -30 -20 -20 0 -50 0 0 0 0 2 0 50 0 0 0 0 2 0 -30 0 -5 0 -50 0 0 50 5 0
-0.5213675213675213: 0 -10 -5 0 0 2 0 -50 10 -30 -20 -20 -5 -50 -2 0 0 0 0 0 50 0 0 -5 -2 0 5 -30 0 0 10 -30 0 0 30 0 -1
-0.5213675213675213: 0 -10 -5 0 0 2 0 -50 10 -30 -20 -20 -5 -50 -2 0 0 0 0 0 50 0 0 -5 -2 0 5 -30 0 0 10 -30 0 0 30 0 -1
-0.5213675213675213: 0 -10 -5 0 0 2 0 -50 10 -30 -20 -20 -5 -50 -2 0 0 0 0 0 50 0 0 -5 -2 0 5 -30 0 0 10 -30 0 0 30 0 -1
-0.5213675213675213: 0 -10 -5 0 0 2 0 -50 10 -30 -20 -20 -5 -50 -2 0 0 0 0 0 50 0 0 -5 -2 0 5 -30 0 0 10 -30 0 0 30 0 -1
-0.5213675213675213: 0 -10 -5 0 0 2 0 -50 10 -30 -20 -20 -5 -50 -2 0 0 0 0 0 50 0 0 -5 -2 0 5 -30 0 0 10 -30 0 0 30 0 -1
-0.5213675213675213: 0 -10 -5 0 0 2 0 -50 10 -30 -20 -20 -5 -50 -2 0 0 0 0 0 50 0 0 -5 -2 0 5 -30 0 0 10 -30 0 0 30 0 -1
-0.5213675213675213: 0 -10 -5 0 0 2 0 -50 10 -30 -20 -20 -5 -50 -2 0 0 0 0 0 50 0 0 -5 -2 0 5 -30 0 0 10 -30 0 0 30 0 -1
-0.5213675213675213: 0 -10 -5 0 0 2 0 -50 10 -30 -20 -20 -5 -50 -2 0 0 0 0 0 50 0 0 -5 -2 0 5 -30 0 0 10 -30 0 0 30 0 -1
-0.5213675213675213: 0 -10 -5 0 0 2 0 -50 10 -30 -20 -20 -5 -50 -2 0 0 0 0 0 50 0 0 -5 -2 0 5 -30 0 0 10 -30 0 0 30 0 -1
-0.5213675213675213: 0 -10 -5 0 0 2 0 -50 10 -30 -20 -20 -5 -50 -2 0 0 0 0 0 50 0 0 -5 -2 0 5 -30 0 0 10 -30 0 0 30 0 -1
-0.5213675213675213: 0 -10 -5 0 0 2 0 -50 10 -30 -20 -20 -5 -50 -2 0 0 0 0 0 50 0 0 -5 -2 0 5 -30 0 0 10 -30 0 0 30 0 -1
-0.5213675213675213: 0 -10 -5 0 0 2 0 -50 10 -30 -20 -20 -5 -50 -2 0 0 0 0 0 50 0 0 -5 -2 0 5 -30 0 0 10 -30 0 0 30 0 -1
-0.5213675213675213: 0 -10 -5 0 0 2 0 -50 10 -30 -20 -20 -5 -50 -2 0 0 0 0 0 50 0 0 -5 -2 0 5 -30 0 0 10 -30 0 0 30 0 -1
-0.5213675213675213: 0 -10 -5 0 0 2 0 -50 10 -30 -20 -20 -5 -50 -2 0 0 0 0 0 50 0 0 -5 -2 0 5 -30 0 0 10 -30 0 0 30 0 -1
-0.5213675213675213: 0 -10 -5 0 0 2 0 -50 10 -30 -20 -20 -5 -50 -2 0 0 0 0 0 50 0 0 -5 -2 0 5 -30 0 0 10 -30 0 0 30 0 -1
