TrainingAccuracy: 0.876
TestAccuracy: 0.8086772090702099
infeasible
infeasible
infeasible
infeasible
infeasible
infeasible
no_sol
no_sol
no_sol
no_sol
no_sol
0.2791811846689895: 1 -50 0 0 0 0 0 0 0 -30 0 0 0 -50 20 0 0 0 0 0 30 0 0 -2 -50 0 2 0 -30 -20 0 0 0 0 50 0 0
0.2791811846689895: 1 -50 0 0 0 0 0 0 0 -30 0 0 0 -50 20 0 0 0 0 0 30 0 0 -2 -50 0 2 0 -30 -20 0 0 0 0 50 0 0
0.2791811846689895: 1 -50 0 0 0 0 0 0 0 -30 0 0 0 -50 20 0 0 0 0 0 30 0 0 -2 -50 0 2 0 -30 -20 0 0 0 0 50 0 0
0.06852497096399535: 0 0 0 2 0 0 0 -20 30 -30 -10 0 2 -50 0 0 0 2 0 0 0 -5 0 -5 -2 0 5 0 2 0 0 0 0 0 30 0 -1
0.06569396051103367: 0 0 0 2 0 0 0 -10 0 -30 -20 0 2 -50 0 0 0 5 0 0 0 -5 0 -5 -2 0 5 0 2 0 0 -5 0 0 30 5 -1
0.06569396051103367: 0 0 0 2 0 0 0 -10 0 -30 -20 0 2 -50 0 0 0 5 0 0 0 -5 0 -5 -2 0 5 0 2 0 0 -5 0 0 30 5 -1
0.06569396051103367: 0 0 0 2 0 0 0 -10 0 -30 -20 0 2 -50 0 0 0 5 0 0 0 -5 0 -5 -2 0 5 0 2 0 0 -5 0 0 30 5 -1
0.05887049941927991: 0 -2 0 2 -30 0 -2 -10 30 -50 -50 0 0 -50 0 0 0 5 0 -30 0 -30 0 -30 -10 0 30 0 30 0 0 0 2 0 50 0 -1
0.053208478513356555: 0 -2 0 10 -20 2 0 -10 30 -50 -50 -2 0 -50 0 0 0 2 0 -30 0 -30 0 -30 -10 0 30 0 30 0 0 0 0 0 50 2 -1
0.053208478513356555: 0 -2 0 10 -20 2 0 -10 30 -50 -50 -2 0 -50 0 0 0 2 0 -30 0 -30 0 -30 -10 0 30 0 30 0 0 0 0 0 50 2 -1
0.04696573751451802: 0 -2 0 5 0 0 0 -10 20 -50 -50 -2 5 -50 0 0 0 5 0 -30 2 -30 0 -30 -30 -2 30 0 30 0 0 -2 1 0 50 2 0
0.02511614401858303: 0 -2 0 2 -5 2 0 -10 20 -50 0 0 30 -50 -2 0 0 5 0 0 0 -20 -20 -30 -50 0 5 0 30 0 20 -10 0 -10 50 20 -1
0.02511614401858303: 0 -2 0 2 -5 2 0 -10 20 -50 0 0 30 -50 -2 0 0 5 0 0 0 -20 -20 -30 -50 0 5 0 30 0 20 -10 0 -10 50 20 -1
0.02511614401858303: 0 -2 0 2 -5 2 0 -10 20 -50 0 0 30 -50 -2 0 0 5 0 0 0 -20 -20 -30 -50 0 5 0 30 0 20 -10 0 -10 50 20 -1
0.02511614401858303: 0 -2 0 2 -5 2 0 -10 20 -50 0 0 30 -50 -2 0 0 5 0 0 0 -20 -20 -30 -50 0 5 0 30 0 20 -10 0 -10 50 20 -1
0.02511614401858303: 0 -2 0 2 -5 2 0 -10 20 -50 0 0 30 -50 -2 0 0 5 0 0 0 -20 -20 -30 -50 0 5 0 30 0 20 -10 0 -10 50 20 -1
0.02511614401858303: 0 -2 0 2 -5 2 0 -10 20 -50 0 0 30 -50 -2 0 0 5 0 0 0 -20 -20 -30 -50 0 5 0 30 0 20 -10 0 -10 50 20 -1
0.02511614401858303: 0 -2 0 2 -5 2 0 -10 20 -50 0 0 30 -50 -2 0 0 5 0 0 0 -20 -20 -30 -50 0 5 0 30 0 20 -10 0 -10 50 20 -1
0.02511614401858303: 0 -2 0 2 -5 2 0 -10 20 -50 0 0 30 -50 -2 0 0 5 0 0 0 -20 -20 -30 -50 0 5 0 30 0 20 -10 0 -10 50 20 -1
0.02511614401858303: 0 -2 0 2 -5 2 0 -10 20 -50 0 0 30 -50 -2 0 0 5 0 0 0 -20 -20 -30 -50 0 5 0 30 0 20 -10 0 -10 50 20 -1
0.02511614401858303: 0 -2 0 2 -5 2 0 -10 20 -50 0 0 30 -50 -2 0 0 5 0 0 0 -20 -20 -30 -50 0 5 0 30 0 20 -10 0 -10 50 20 -1
0.02511614401858303: 0 -2 0 2 -5 2 0 -10 20 -50 0 0 30 -50 -2 0 0 5 0 0 0 -20 -20 -30 -50 0 5 0 30 0 20 -10 0 -10 50 20 -1
0.02511614401858303: 0 -2 0 2 -5 2 0 -10 20 -50 0 0 30 -50 -2 0 0 5 0 0 0 -20 -20 -30 -50 0 5 0 30 0 20 -10 0 -10 50 20 -1
0.02511614401858303: 0 -2 0 2 -5 2 0 -10 20 -50 0 0 30 -50 -2 0 0 5 0 0 0 -20 -20 -30 -50 0 5 0 30 0 20 -10 0 -10 50 20 -1
0.02511614401858303: 0 -2 0 2 -5 2 0 -10 20 -50 0 0 30 -50 -2 0 0 5 0 0 0 -20 -20 -30 -50 0 5 0 30 0 20 -10 0 -10 50 20 -1
0.02511614401858303: 0 -2 0 2 -5 2 0 -10 20 -50 0 0 30 -50 -2 0 0 5 0 0 0 -20 -20 -30 -50 0 5 0 30 0 20 -10 0 -10 50 20 -1
