TrainingAccuracy: 0.848
TestAccuracy: 0.7956318252730109
infeasible
infeasible
infeasible
infeasible
no_sol
no_sol
no_sol
-0.0019260400616332718: 0 0 0 10 0 -1 0 -1 30 0 0 0 20 0 0 -10 0 0 -10 0 0 -30
-0.013482280431432958: -5 -5 0 -2 0 0 0 0 5 0 0 0 10 0 -2 -5 0 0 -2 0 0 -2
-0.05315870570107861: -2 -2 0 1 0 0 0 0 20 0 0 0 30 5 -10 -20 0 0 -5 0 0 -20
-0.21764252696456082: -5 -10 0 0 0 0 0 0 5 2 0 0 20 0 -10 -5 2 0 -2 0 -5 -1
-0.21764252696456082: -5 -10 0 0 0 0 0 0 5 2 0 0 20 0 -10 -5 2 0 -2 0 -5 -1
-0.23459167950693371: -5 -10 -50 0 0 0 0 0 5 2 0 -2 20 0 -10 -5 5 0 -5 0 -5 -1
-0.23459167950693371: -5 -10 -50 0 0 0 0 0 5 2 0 -2 20 0 -10 -5 5 0 -5 0 -5 -1
-0.23998459167950695: 0 -10 0 5 0 1 0 -2 20 2 1 0 20 10 -10 -10 0 0 -5 -10 -5 -20
-0.23998459167950695: 0 -10 0 5 0 1 0 -2 20 2 1 0 20 10 -10 -10 0 0 -5 -10 -5 -20
-0.25693374422187987: 1 -10 0 5 0 1 0 -2 20 2 0 0 20 10 -10 -10 -2 0 -2 -10 -5 -20
-0.25693374422187987: 1 -10 0 5 0 1 0 -2 20 2 0 0 20 10 -10 -10 -2 0 -2 -10 -5 -20
-0.25693374422187987: 1 -10 0 5 0 1 0 -2 20 2 0 0 20 10 -10 -10 -2 0 -2 -10 -5 -20
-0.25693374422187987: 1 -10 0 5 0 1 0 -2 20 2 0 0 20 10 -10 -10 -2 0 -2 -10 -5 -20
-0.25693374422187987: 1 -10 0 5 0 1 0 -2 20 2 0 0 20 10 -10 -10 -2 0 -2 -10 -5 -20
-0.2573189522342064: 5 0 0 10 0 -10 2 -10 5 5 0 -2 30 0 -20 -5 2 0 -5 0 -5 -1
