TrainingAccuracy: 0.74
TestAccuracy: 0.6246648793565683
no_sol
no_sol
no_sol
no_sol
no_sol
no_sol
no_sol
no_sol
no_sol
no_sol
no_sol
-0.051019743272300744: 50 2 0 0 0 -30 0 0 -2 0 30 0 0 0 5 1 0 0 0 50 0 0 -2 0 10 50 -30 0
-0.057731152668274: 50 10 0 0 0 -20 0 0 -10 -5 20 0 0 0 10 1 0 0 0 50 0 0 0 5 20 20 -30 0
-0.0734345474685606: 50 30 30 0 0 -5 0 0 -20 0 50 0 -10 0 50 0 0 0 -30 0 0 0 -30 0 50 5 -10 1
-0.09584935166482045: 20 30 0 0 -2 -20 -10 -2 -2 0 30 0 0 0 20 0 0 0 5 50 0 0 -20 -2 0 30 -30 0
-0.09584935166482045: 20 30 0 0 -2 -20 -10 -2 -2 0 30 0 0 0 20 0 0 0 5 50 0 0 -20 -2 0 30 -30 0
-0.13540105558089532: 50 10 0 -5 0 -20 -5 -10 -5 0 30 0 -2 0 20 1 0 0 10 50 0 0 -20 -2 0 30 -30 0
-0.15025737929236982: 50 10 0 -5 0 -20 -30 10 -10 -5 30 0 0 0 20 1 50 0 0 50 0 0 -2 10 20 20 -30 0
-0.15025737929236982: 50 10 0 -5 0 -20 -30 10 -10 -5 30 0 0 0 20 1 50 0 0 50 0 0 -2 10 20 20 -30 0
-0.15781585977715507: 50 30 0 0 -5 -10 -20 -5 -20 10 50 0 5 0 50 0 50 0 -1 50 -20 0 -20 2 20 30 -30 0
-0.15781585977715507: 50 30 0 0 -5 -10 -20 -5 -20 10 50 0 5 0 50 0 50 0 -1 50 -20 0 -20 2 20 30 -30 0
-0.15781585977715507: 50 30 0 0 -5 -10 -20 -5 -20 10 50 0 5 0 50 0 50 0 -1 50 -20 0 -20 2 20 30 -30 0
-0.15781585977715507: 50 30 0 0 -5 -10 -20 -5 -20 10 50 0 5 0 50 0 50 0 -1 50 -20 0 -20 2 20 30 -30 0
-0.162963445624552: 50 10 0 0 -2 -20 -10 -2 -5 -30 2 -50 -30 -30 -10 -1 30 0 -5 50 -10 0 -20 -10 2 20 -30 50
-0.162963445624552: 50 10 0 0 -2 -20 -10 -2 -5 -30 2 -50 -30 -30 -10 -1 30 0 -5 50 -10 0 -20 -10 2 20 -30 50
-0.162963445624552: 50 10 0 0 -2 -20 -10 -2 -5 -30 2 -50 -30 -30 -10 -1 30 0 -5 50 -10 0 -20 -10 2 20 -30 50
-0.162963445624552: 50 10 0 0 -2 -20 -10 -2 -5 -30 2 -50 -30 -30 -10 -1 30 0 -5 50 -10 0 -20 -10 2 20 -30 50
-0.162963445624552: 50 10 0 0 -2 -20 -10 -2 -5 -30 2 -50 -30 -30 -10 -1 30 0 -5 50 -10 0 -20 -10 2 20 -30 50
