TrainingAccuracy: 0.718
TestAccuracy: 0.6492403932082216
infeasible
no_sol
no_sol
no_sol
no_sol
no_sol
no_sol
no_sol
no_sol
no_sol
no_sol
no_sol
no_sol
-0.2512254901960784: 0 0 -2 0 -10 -20 0 -10 10 2 -2 0 -30 0 0 0 0 0 0 0 0 -20 0 2 10 30 2 1
-0.2512254901960784: 0 0 -2 0 -10 -20 0 -10 10 2 -2 0 -30 0 0 0 0 0 0 0 0 -20 0 2 10 30 2 1
-0.2512254901960784: 0 0 -2 0 -10 -20 0 -10 10 2 -2 0 -30 0 0 0 0 0 0 0 0 -20 0 2 10 30 2 1
-0.2512254901960784: 0 0 -2 0 -10 -20 0 -10 10 2 -2 0 -30 0 0 0 0 0 0 0 0 -20 0 2 10 30 2 1
-0.3425245098039216: 0 -10 -10 -30 2 -50 -10 -30 20 20 5 0 -50 0 0 0 -20 0 2 0 0 -50 0 2 30 50 10 0
-0.3762254901960784: 0 10 -5 -10 0 -20 -10 -20 20 5 -10 0 -50 0 -10 -1 0 0 0 -2 0 -30 -2 5 20 30 2 0
-0.5134803921568627: 2 -5 -5 20 -30 -10 -20 2 5 20 -2 0 -20 0 0 -1 0 0 -5 0 0 0 10 -5 30 5 5 0
-0.5134803921568627: 2 -5 -5 20 -30 -10 -20 2 5 20 -2 0 -20 0 0 -1 0 0 -5 0 0 0 10 -5 30 5 5 0
-0.5134803921568627: 2 -5 -5 20 -30 -10 -20 2 5 20 -2 0 -20 0 0 -1 0 0 -5 0 0 0 10 -5 30 5 5 0
-0.5134803921568627: 2 -5 -5 20 -30 -10 -20 2 5 20 -2 0 -20 0 0 -1 0 0 -5 0 0 0 10 -5 30 5 5 0
-0.5134803921568627: 2 -5 -5 20 -30 -10 -20 2 5 20 -2 0 -20 0 0 -1 0 0 -5 0 0 0 10 -5 30 5 5 0
-0.5134803921568627: 2 -5 -5 20 -30 -10 -20 2 5 20 -2 0 -20 0 0 -1 0 0 -5 0 0 0 10 -5 30 5 5 0
-0.5134803921568627: 2 -5 -5 20 -30 -10 -20 2 5 20 -2 0 -20 0 0 -1 0 0 -5 0 0 0 10 -5 30 5 5 0
-0.5134803921568627: 2 -5 -5 20 -30 -10 -20 2 5 20 -2 0 -20 0 0 -1 0 0 -5 0 0 0 10 -5 30 5 5 0
-0.5134803921568627: 2 -5 -5 20 -30 -10 -20 2 5 20 -2 0 -20 0 0 -1 0 0 -5 0 0 0 10 -5 30 5 5 0
