TrainingAccuracy: 0.886
TestAccuracy: 0.8026574342659306
infeasible
infeasible
infeasible
infeasible
infeasible
no_sol
no_sol
-0.32969215491559084: 0 -50 0 0 0 -20 0 0 0 -10 0 0 0 -50 0 0 0 0 0 0 30 0 0 0 -50 0 0 0 0 0 0 0 0 0 50 0 -1
-0.6360476663356505: 0 -50 0 0 0 0 0 0 0 -2 0 0 0 -50 2 0 0 0 0 0 2 0 0 0 -50 0 0 0 -50 0 0 0 0 0 50 0 -1
-0.7358490566037735: 0 -30 0 0 0 0 5 0 0 -10 0 0 0 -30 10 0 0 0 0 0 10 0 0 0 -30 0 0 0 -50 0 0 0 0 0 30 0 -2
-0.7547169811320755: 0 0 0 0 0 0 2 0 0 -10 0 -2 0 -30 2 0 0 0 0 0 10 0 0 0 -10 0 0 -1 -50 0 0 2 0 0 20 0 0
-0.7830188679245284: 0 -5 0 0 0 -5 0 0 0 -2 0 0 20 -20 2 0 0 0 0 0 10 0 0 0 -20 0 0 1 -50 -5 0 0 0 0 20 0 0
-0.7830188679245284: 0 -5 0 0 0 -5 0 0 0 -2 0 0 20 -20 2 0 0 0 0 0 10 0 0 0 -20 0 0 1 -50 -5 0 0 0 0 20 0 0
-0.7830188679245284: 0 -5 0 0 0 -5 0 0 0 -2 0 0 20 -20 2 0 0 0 0 0 10 0 0 0 -20 0 0 1 -50 -5 0 0 0 0 20 0 0
-0.7909632571996028: 0 -10 0 10 0 2 0 0 10 0 0 0 30 -50 0 0 0 -5 0 0 0 -20 0 -20 -10 0 10 -1 -50 0 5 0 0 0 50 0 0
-0.8098311817279047: 0 -10 0 10 0 2 0 0 10 0 0 5 50 -50 0 0 0 -5 0 0 0 -20 0 -30 -30 0 10 0 -50 0 0 0 -1 0 50 10 0
-0.8584905660377359: 2 -50 5 0 0 2 0 -10 5 -10 0 0 0 -50 20 0 0 0 10 0 0 -10 0 -30 -30 0 2 0 -50 0 0 20 0 0 30 0 0
-0.8813306852035749: 0 -10 0 5 0 2 0 0 30 0 0 5 50 -20 0 0 0 -5 0 0 0 -20 0 -30 -50 0 10 1 -50 -2 0 0 0 -2 50 10 0
-0.8813306852035749: 0 -10 0 5 0 2 0 0 30 0 0 5 50 -20 0 0 0 -5 0 0 0 -20 0 -30 -50 0 10 1 -50 -2 0 0 0 -2 50 10 0
-0.9528301886792453: 0 -5 0 5 0 2 0 -5 20 -2 -2 0 30 -30 2 0 0 0 10 0 0 -20 0 -30 -10 0 10 0 -50 0 0 0 0 -5 30 10 -1
-0.9528301886792453: 0 -5 0 5 0 2 0 -5 20 -2 -2 0 30 -30 2 0 0 0 10 0 0 -20 0 -30 -10 0 10 0 -50 0 0 0 0 -5 30 10 -1
-0.9528301886792453: 0 -5 0 5 0 2 0 -5 20 -2 -2 0 30 -30 2 0 0 0 10 0 0 -20 0 -30 -10 0 10 0 -50 0 0 0 0 -5 30 10 -1
-0.9528301886792453: 0 -5 0 5 0 2 0 -5 20 -2 -2 0 30 -30 2 0 0 0 10 0 0 -20 0 -30 -10 0 10 0 -50 0 0 0 0 -5 30 10 -1
-0.9528301886792453: 0 -5 0 5 0 2 0 -5 20 -2 -2 0 30 -30 2 0 0 0 10 0 0 -20 0 -30 -10 0 10 0 -50 0 0 0 0 -5 30 10 -1
-0.9528301886792453: 0 -5 0 5 0 2 0 -5 20 -2 -2 0 30 -30 2 0 0 0 10 0 0 -20 0 -30 -10 0 10 0 -50 0 0 0 0 -5 30 10 -1
-0.9528301886792453: 0 -5 0 5 0 2 0 -5 20 -2 -2 0 30 -30 2 0 0 0 10 0 0 -20 0 -30 -10 0 10 0 -50 0 0 0 0 -5 30 10 -1
-0.9528301886792453: 0 -5 0 5 0 2 0 -5 20 -2 -2 0 30 -30 2 0 0 0 10 0 0 -20 0 -30 -10 0 10 0 -50 0 0 0 0 -5 30 10 -1
-0.9622641509433962: 50 2 0 10 -2 2 0 -10 20 0 -2 5 20 -30 0 -2 0 -2 5 2 0 -20 -2 -30 -10 0 10 -1 -50 0 5 5 0 -10 30 10 -50
-0.9622641509433962: 50 2 0 10 -2 2 0 -10 20 0 -2 5 20 -30 0 -2 0 -2 5 2 0 -20 -2 -30 -10 0 10 -1 -50 0 5 5 0 -10 30 10 -50
-0.9622641509433962: 50 2 0 10 -2 2 0 -10 20 0 -2 5 20 -30 0 -2 0 -2 5 2 0 -20 -2 -30 -10 0 10 -1 -50 0 5 5 0 -10 30 10 -50
-0.9622641509433962: 50 2 0 10 -2 2 0 -10 20 0 -2 5 20 -30 0 -2 0 -2 5 2 0 -20 -2 -30 -10 0 10 -1 -50 0 5 5 0 -10 30 10 -50
-0.9622641509433962: 50 2 0 10 -2 2 0 -10 20 0 -2 5 20 -30 0 -2 0 -2 5 2 0 -20 -2 -30 -10 0 10 -1 -50 0 5 5 0 -10 30 10 -50
-0.9622641509433962: 50 2 0 10 -2 2 0 -10 20 0 -2 5 20 -30 0 -2 0 -2 5 2 0 -20 -2 -30 -10 0 10 -1 -50 0 5 5 0 -10 30 10 -50
-0.9622641509433962: 50 2 0 10 -2 2 0 -10 20 0 -2 5 20 -30 0 -2 0 -2 5 2 0 -20 -2 -30 -10 0 10 -1 -50 0 5 5 0 -10 30 10 -50
-0.9622641509433962: 50 2 0 10 -2 2 0 -10 20 0 -2 5 20 -30 0 -2 0 -2 5 2 0 -20 -2 -30 -10 0 10 -1 -50 0 5 5 0 -10 30 10 -50
-0.9622641509433962: 50 2 0 10 -2 2 0 -10 20 0 -2 5 20 -30 0 -2 0 -2 5 2 0 -20 -2 -30 -10 0 10 -1 -50 0 5 5 0 -10 30 10 -50
-0.9622641509433962: 50 2 0 10 -2 2 0 -10 20 0 -2 5 20 -30 0 -2 0 -2 5 2 0 -20 -2 -30 -10 0 10 -1 -50 0 5 5 0 -10 30 10 -50
