TrainingAccuracy: 0.848
TestAccuracy: 0.7989554364783287
infeasible
infeasible
infeasible
infeasible
no_sol
no_sol
no_sol
-0.40111809923130676: 0 0 -30 0 0 -10 0 0 30 2 0 20 0 0 0 0 0 0 -20 0 -30 -1
-0.4196366177498253: 0 0 -50 0 0 -10 0 0 30 2 0 20 0 0 -2 0 0 0 -20 0 -30 -1
-0.43955276030747725: 0 5 0 0 -2 -30 0 -5 50 20 0 30 0 0 0 0 0 0 -30 0 -50 1
-0.4765897973445143: 0 5 0 0 0 -10 20 0 30 2 0 20 0 -10 -2 0 0 0 -20 0 -30 -1
-0.4765897973445143: 0 5 0 0 0 -10 20 0 30 2 0 20 0 -10 -2 0 0 0 -20 0 -30 -1
-0.49266247379454925: -2 20 -30 0 -5 1 0 1 50 0 0 0 -5 20 30 0 2 0 0 0 -30 -50
-0.4930118798043326: -2 20 0 0 -5 -50 0 -50 50 0 -20 20 -5 20 30 0 2 0 0 0 -30 1
-0.5143256464011181: -5 20 -50 0 2 -30 10 0 50 10 -5 20 0 5 0 -2 0 0 -20 0 -50 -1
-0.6233403214535289: -2 0 -30 0 2 -30 0 -30 30 0 -20 20 -10 20 30 0 -5 0 0 -10 -30 1
-0.6233403214535289: -2 0 -30 0 2 -30 0 -30 30 0 -20 20 -10 20 30 0 -5 0 0 -10 -30 1
-0.6425576519916142: -2 5 -10 0 2 -50 -10 -50 50 20 -50 30 -5 20 50 0 -5 0 0 -10 -50 1
-0.6607267645003494: 10 30 0 10 -10 -50 -10 -50 50 2 -20 10 -5 20 30 0 -5 0 -5 -2 -50 1
-0.6607267645003494: 10 30 0 10 -10 -50 -10 -50 50 2 -20 10 -5 20 30 0 -5 0 -5 -2 -50 1
-0.717330538085255: -5 20 -50 -10 -2 -30 0 -30 50 30 -50 10 -5 30 50 -5 -20 -5 -2 -10 -50 1
-0.717330538085255: -5 20 -50 -10 -5 -30 -50 -30 50 30 -50 10 -2 30 50 -5 -20 -5 -2 -10 -50 1
