TrainingAccuracy: 0.74
TestAccuracy: 0.6246648793565683
infeasible
no_sol
no_sol
no_sol
-0.19684628917703784: 0 50 0 0 0 0 0 0 0 0 0 0 -30 0 0 -1 0 0 0 30 0 0 0 0 30 0 0 0
-0.5401055580895289: 0 0 10 0 0 0 0 0 -2 5 0 0 0 0 0 0 0 0 -2 0 0 0 -5 0 0 0 -2 0
-0.5789405095458395: 0 0 50 0 0 0 0 2 0 30 0 0 0 0 0 0 0 0 -30 0 0 0 -2 0 0 0 -30 1
-0.6237701179383593: 0 0 30 0 -30 0 -50 0 20 50 0 0 0 0 0 0 0 0 -30 0 0 0 0 0 30 0 -30 0
-0.6237701179383593: 0 0 30 0 -30 0 -50 0 20 50 0 0 0 0 0 0 0 0 -30 0 0 0 0 0 30 0 -30 0
-0.6237701179383593: 0 0 30 0 -30 0 -50 0 20 50 0 0 0 0 0 0 0 0 -30 0 0 0 0 0 30 0 -30 0
-0.6237701179383593: 0 0 30 0 -30 0 -50 0 20 50 0 0 0 0 0 0 0 0 -30 0 0 0 0 0 30 0 -30 0
-0.6356291131817293: -50 50 20 20 0 0 0 0 -30 50 0 0 -50 0 0 -5 30 0 0 30 0 0 0 -10 0 0 -30 0
-0.645337851045807: -30 50 20 20 0 0 0 0 -30 50 0 0 -50 0 0 -5 0 0 0 10 2 0 0 -10 0 10 -30 0
-0.6460546035055712: -30 50 20 20 0 0 30 -30 -30 50 0 0 -50 0 0 -5 50 0 0 30 0 0 0 -10 0 0 -30 0
-0.7065876066983775: 10 10 20 20 0 0 -50 50 -30 50 0 0 -50 0 0 -5 50 0 0 10 0 0 0 -10 0 10 -30 0
-0.7252883299667687: 0 10 20 20 0 0 -20 2 -30 50 0 0 -50 0 0 -5 30 0 0 10 0 0 0 -10 1 5 -30 0
-0.7252883299667687: 0 10 20 20 0 0 -20 2 -30 50 0 0 -50 0 0 -5 30 0 0 10 0 0 0 -10 1 5 -30 0
-0.7252883299667687: 0 10 20 20 0 0 -20 2 -30 50 0 0 -50 0 0 -5 30 0 0 10 0 0 0 -10 1 5 -30 0
-0.7252883299667687: 0 10 20 20 0 0 -20 2 -30 50 0 0 -50 0 0 -5 30 0 0 10 0 0 0 -10 1 5 -30 0
-0.7252883299667687: 0 10 20 20 0 0 -20 2 -30 50 0 0 -50 0 0 -5 30 0 0 10 0 0 0 -10 1 5 -30 0
-0.7252883299667687: 0 10 20 20 0 0 -20 2 -30 50 0 0 -50 0 0 -5 30 0 0 10 0 0 0 -10 1 5 -30 0
-0.7252883299667687: 0 10 20 20 0 0 -20 2 -30 50 0 0 -50 0 0 -5 30 0 0 10 0 0 0 -10 1 5 -30 0
-0.7252883299667687: 0 10 20 20 0 0 -20 2 -30 50 0 0 -50 0 0 -5 30 0 0 10 0 0 0 -10 1 5 -30 0
-0.7252883299667687: 0 10 20 20 0 0 -20 2 -30 50 0 0 -50 0 0 -5 30 0 0 10 0 0 0 -10 1 5 -30 0
-0.7252883299667687: 0 10 20 20 0 0 -20 2 -30 50 0 0 -50 0 0 -5 30 0 0 10 0 0 0 -10 1 5 -30 0
-0.7252883299667687: 0 10 20 20 0 0 -20 2 -30 50 0 0 -50 0 0 -5 30 0 0 10 0 0 0 -10 1 5 -30 0
-0.7252883299667687: 0 10 20 20 0 0 -20 2 -30 50 0 0 -50 0 0 -5 30 0 0 10 0 0 0 -10 1 5 -30 0
-0.7252883299667687: 0 10 20 20 0 0 -20 2 -30 50 0 0 -50 0 0 -5 30 0 0 10 0 0 0 -10 1 5 -30 0
