TrainingAccuracy: 0.9
TestAccuracy: 0.8140731730139422
no_sol
no_sol
no_sol
no_sol
no_sol
no_sol
no_sol
no_sol
no_sol
no_sol
no_sol
no_sol
no_sol
no_sol
no_sol
no_sol
no_sol
no_sol
-0.19933993399339933: 0 -30 0 0 -20 0 2 -20 -20 0 0 20 50 -5 2 -5 0 0 0 0 20 0 0 -50 -20 0 0 0 0 0 0 -2 -1 -1 30 2 -20
-0.19933993399339933: 0 -30 0 0 -20 0 2 -20 -20 0 0 20 50 -5 2 -5 0 0 0 0 20 0 0 -50 -20 0 0 0 0 0 0 -2 -1 -1 30 2 -20
-0.19933993399339933: 0 -30 0 0 -20 0 2 -20 -20 0 0 20 50 -5 2 -5 0 0 0 0 20 0 0 -50 -20 0 0 0 0 0 0 -2 -1 -1 30 2 -20
-0.19933993399339933: 0 -30 0 0 -20 0 2 -20 -20 0 0 20 50 -5 2 -5 0 0 0 0 20 0 0 -50 -20 0 0 0 0 0 0 -2 -1 -1 30 2 -20
-0.4217821782178217: 0 -30 0 2 2 0 5 -50 0 -2 0 20 50 -30 30 -10 0 2 0 0 50 0 -50 -50 -30 -2 0 1 -1 0 0 0 0 -2 30 0 -50
-0.4217821782178217: 0 -30 0 2 2 0 5 -50 0 -2 0 20 50 -30 30 -10 0 2 0 0 50 0 -50 -50 -30 -2 0 1 -1 0 0 0 0 -2 30 0 -50
-0.4217821782178217: 0 -30 0 2 2 0 5 -50 0 -2 0 20 50 -30 30 -10 0 2 0 0 50 0 -50 -50 -30 -2 0 1 -1 0 0 0 0 -2 30 0 -50
-0.47128712871287126: 1 -30 -2 0 0 0 5 -50 20 -2 0 20 50 -30 30 -5 0 2 0 -5 50 10 -50 -30 -30 0 2 0 -20 0 30 -2 0 0 30 20 -50
-0.47128712871287126: 1 -30 -2 0 0 0 5 -50 20 -2 0 20 50 -30 30 -5 0 2 0 -5 50 10 -50 -30 -30 0 2 0 -20 0 30 -2 0 0 30 20 -50
-0.5379537953795379: 0 -30 -2 0 0 0 5 -50 2 -5 -2 20 30 -30 30 -5 0 2 -1 -10 50 10 0 -50 -30 0 2 0 -20 2 30 0 2 -1 30 20 -50
-0.5379537953795379: 0 -30 -2 0 0 0 5 -50 2 -5 -2 20 30 -30 30 -5 0 2 -1 -10 50 10 0 -50 -30 0 2 0 -20 2 30 0 2 -1 30 20 -50
-0.5379537953795379: 0 -30 -2 0 0 0 5 -50 2 -5 -2 20 30 -30 30 -5 0 2 -1 -10 50 10 0 -50 -30 0 2 0 -20 2 30 0 2 -1 30 20 -50
-0.5749174917491748: 0 -30 -1 1 1 0 5 -50 2 -2 1 20 50 -30 30 -5 0 2 -1 -20 50 10 -50 -50 -30 0 2 0 -20 0 -5 -1 0 -1 30 20 -50
-0.700990099009901: 10 -10 -2 20 20 5 30 -50 50 0 5 50 50 -30 10 -30 0 0 -2 -30 50 -10 -50 0 -50 5 30 1 -50 -10 0 -20 -30 -10 30 50 -50
-0.700990099009901: 10 -10 -2 20 20 5 30 -50 50 0 5 50 50 -30 10 -30 0 0 -2 -30 50 -10 -50 0 -50 5 30 1 -50 -10 0 -20 -30 -10 30 50 -50
-0.700990099009901: 10 -10 -2 20 20 5 30 -50 50 0 5 50 50 -30 10 -30 0 0 -2 -30 50 -10 -50 0 -50 5 30 1 -50 -10 0 -20 -30 -10 30 50 -50
-0.700990099009901: 10 -10 -2 20 20 5 30 -50 50 0 5 50 50 -30 10 -30 0 0 -2 -30 50 -10 -50 0 -50 5 30 1 -50 -10 0 -20 -30 -10 30 50 -50
-0.700990099009901: 10 -10 -2 20 20 5 30 -50 50 0 5 50 50 -30 10 -30 0 0 -2 -30 50 -10 -50 0 -50 5 30 1 -50 -10 0 -20 -30 -10 30 50 -50
-0.700990099009901: 10 -10 -2 20 20 5 30 -50 50 0 5 50 50 -30 10 -30 0 0 -2 -30 50 -10 -50 0 -50 5 30 1 -50 -10 0 -20 -30 -10 30 50 -50
