TrainingAccuracy: 0.862
TestAccuracy: 0.7887811164620497
infeasible
infeasible
infeasible
infeasible
no_sol
no_sol
no_sol
0.024428684003152068: 0 0 0 0 -50 0 0 -30 2 50 0 -30 0 30 0 -30 0 0 0 0 0 -1
-0.015366430260047248: 0 0 0 0 -20 0 0 -30 2 50 0 -30 0 30 0 -30 0 0 0 0 -10 -1
-0.1800630417651694: 0 0 0 0 -20 0 0 -20 50 20 0 -30 0 0 0 -20 10 0 -10 0 -30 -1
-0.19858156028368795: 0 0 0 0 -20 0 0 -20 50 20 0 -30 0 -1 0 -20 2 0 -10 0 -30 -1
-0.2013396375098503: 0 0 0 0 -20 0 0 -20 50 20 0 -30 0 0 0 -20 10 2 -10 -5 -30 -1
-0.21710007880220644: -30 0 0 0 -10 0 0 -20 30 30 0 -50 20 20 0 0 -10 0 -30 30 -30 -1
-0.21710007880220644: -30 0 0 0 -10 0 0 -20 30 30 0 -50 20 20 0 0 -10 0 -30 30 -30 -1
-0.30693459416863667: -10 0 0 0 -2 0 -2 -5 10 2 10 -20 10 0 -10 -2 2 0 -2 0 -10 -1
-0.33648542159180456: -30 0 0 -2 -20 0 0 0 30 0 20 -30 10 0 -5 -5 2 10 -30 20 -30 -1
-0.3467297084318361: -50 -20 0 0 0 -30 0 -30 50 5 30 -50 20 20 -10 0 -10 10 -20 30 -50 -2
-0.3837667454688731: -30 -2 0 1 0 -30 -30 -30 30 5 20 -50 30 10 -10 0 -10 10 -5 20 -30 0
-0.3837667454688731: -30 -2 0 1 0 -30 -30 -30 30 5 20 -50 30 10 -10 0 -10 10 -5 20 -30 0
-0.3837667454688731: -30 -2 0 1 0 -30 -30 -30 30 5 20 -50 30 10 -10 0 -10 10 -5 20 -30 0
-0.3837667454688731: -30 -2 0 1 0 -30 -30 -30 30 5 20 -50 30 10 -10 0 -10 10 -5 20 -30 0
-0.3837667454688731: -30 -2 0 1 0 -30 -30 -30 30 5 20 -50 30 10 -10 0 -10 10 -5 20 -30 0
