TrainingAccuracy: 0.876
TestAccuracy: 0.8086772090702099
infeasible
infeasible
infeasible
infeasible
infeasible
infeasible
no_sol
no_sol
no_sol
no_sol
0.24332171893147506: 0 -10 0 0 0 0 0 -5 10 -10 0 0 0 -30 0 -30 0 0 0 0 5 0 0 0 0 0 0 0 0 0 0 0 0 -10 30 5 -2
0.14292973286875726: 1 -50 0 0 0 0 0 -10 0 -10 0 0 0 -50 30 0 0 0 0 0 20 0 0 -30 -50 0 0 0 0 -20 0 0 0 -10 50 0 0
0.13799361207897792: 0 0 0 0 -20 0 0 -20 50 -50 -30 0 0 -50 5 0 0 0 0 0 0 -5 0 -30 0 0 0 0 0 2 0 0 0 -5 50 10 0
0.13799361207897792: 0 0 0 0 -20 0 0 -20 50 -50 -30 0 0 -50 5 0 0 0 0 0 0 -5 0 -30 0 0 0 0 0 2 0 0 0 -5 50 10 0
0.03832752613240417: 0 0 0 2 0 0 0 -20 0 -30 -5 0 2 -50 0 0 0 2 0 0 0 -5 0 -5 -2 0 5 0 2 0 10 0 0 0 30 0 -1
0.03832752613240417: 0 0 0 2 0 0 0 -20 0 -30 -5 0 2 -50 0 0 0 2 0 0 0 -5 0 -5 -2 0 5 0 2 0 10 0 0 0 30 0 -1
0.03832752613240417: 0 0 0 2 0 0 0 -20 0 -30 -5 0 2 -50 0 0 0 2 0 0 0 -5 0 -5 -2 0 5 0 2 0 10 0 0 0 30 0 -1
0.03832752613240417: 0 0 0 2 0 0 0 -20 0 -30 -5 0 2 -50 0 0 0 2 0 0 0 -5 0 -5 -2 0 5 0 2 0 10 0 0 0 30 0 -1
0.03832752613240417: 0 0 0 2 0 0 0 -20 0 -30 -5 0 2 -50 0 0 0 2 0 0 0 -5 0 -5 -2 0 5 0 2 0 10 0 0 0 30 0 -1
0.03832752613240417: 0 0 0 2 0 0 0 -20 0 -30 -5 0 2 -50 0 0 0 2 0 0 0 -5 0 -5 -2 0 5 0 2 0 10 0 0 0 30 0 -1
0.02838269454123113: 0 -20 0 0 -20 -2 0 -30 30 -30 -2 5 20 -50 0 -20 0 5 0 0 0 -10 0 -20 -20 0 2 0 20 1 20 0 0 -2 50 0 0
0.003702090592334506: 0 -10 0 5 0 10 5 0 20 -50 -5 -5 0 -50 -5 0 0 0 0 -10 0 -20 0 -30 -20 0 10 0 30 0 10 -5 0 -5 50 10 -1
-0.01742160278745647: 0 -5 -1 2 0 0 -5 -20 0 -30 0 2 30 -50 -5 2 0 5 0 0 0 -20 -20 -30 -30 0 10 0 30 0 10 -10 2 0 30 10 0
-0.01742160278745647: 0 -5 -1 2 0 0 -5 -20 0 -30 0 2 30 -50 -5 2 0 5 0 0 0 -20 -20 -30 -30 0 10 0 30 0 10 -10 2 0 30 10 0
-0.023519163763066203: 30 -5 0 2 0 0 -5 -20 2 -30 0 2 30 -50 -5 2 0 5 0 0 0 -20 -20 -30 -30 0 10 -30 0 0 10 -10 2 -2 30 10 0
-0.023519163763066203: 30 -5 0 2 0 0 -5 -20 2 -30 0 2 30 -50 -5 2 0 5 0 0 0 -20 -20 -30 -30 0 10 -30 0 0 10 -10 2 -2 30 10 0
-0.023519163763066203: 30 -5 0 2 0 0 -5 -20 2 -30 0 2 30 -50 -5 2 0 5 0 0 0 -20 -20 -30 -30 0 10 -30 0 0 10 -10 2 -2 30 10 0
-0.023519163763066203: 30 -5 0 2 0 0 -5 -20 2 -30 0 2 30 -50 -5 2 0 5 0 0 0 -20 -20 -30 -30 0 10 -30 0 0 10 -10 2 -2 30 10 0
-0.023519163763066203: 30 -5 0 2 0 0 -5 -20 2 -30 0 2 30 -50 -5 2 0 5 0 0 0 -20 -20 -30 -30 0 10 -30 0 0 10 -10 2 -2 30 10 0
-0.023519163763066203: 30 -5 0 2 0 0 -5 -20 2 -30 0 2 30 -50 -5 2 0 5 0 0 0 -20 -20 -30 -30 0 10 -30 0 0 10 -10 2 -2 30 10 0
-0.023519163763066203: 30 -5 0 2 0 0 -5 -20 2 -30 0 2 30 -50 -5 2 0 5 0 0 0 -20 -20 -30 -30 0 10 -30 0 0 10 -10 2 -2 30 10 0
-0.023519163763066203: 30 -5 0 2 0 0 -5 -20 2 -30 0 2 30 -50 -5 2 0 5 0 0 0 -20 -20 -30 -30 0 10 -30 0 0 10 -10 2 -2 30 10 0
-0.023519163763066203: 30 -5 0 2 0 0 -5 -20 2 -30 0 2 30 -50 -5 2 0 5 0 0 0 -20 -20 -30 -30 0 10 -30 0 0 10 -10 2 -2 30 10 0
-0.023519163763066203: 30 -5 0 2 0 0 -5 -20 2 -30 0 2 30 -50 -5 2 0 5 0 0 0 -20 -20 -30 -30 0 10 -30 0 0 10 -10 2 -2 30 10 0
-0.023519163763066203: 30 -5 0 2 0 0 -5 -20 2 -30 0 2 30 -50 -5 2 0 5 0 0 0 -20 -20 -30 -30 0 10 -30 0 0 10 -10 2 -2 30 10 0
-0.023519163763066203: 30 -5 0 2 0 0 -5 -20 2 -30 0 2 30 -50 -5 2 0 5 0 0 0 -20 -20 -30 -30 0 10 -30 0 0 10 -10 2 -2 30 10 0
-0.023519163763066203: 30 -5 0 2 0 0 -5 -20 2 -30 0 2 30 -50 -5 2 0 5 0 0 0 -20 -20 -30 -30 0 10 -30 0 0 10 -10 2 -2 30 10 0
