TrainingAccuracy: 0.892
TestAccuracy: 0.8113907863135897
infeasible
infeasible
infeasible
infeasible
infeasible
infeasible
infeasible
no_sol
no_sol
no_sol
no_sol
0.22958754208754212: 1 0 0 0 0 0 2 0 20 -2 0 0 0 -50 10 0 0 -5 0 -30 30 0 0 0 0 0 20 0 0 0 0 0 0 -20 0 0 -30
0.13475028058361394: 1 0 0 0 0 0 5 0 0 -2 0 10 -2 -30 20 0 0 -10 0 0 30 0 0 0 -20 0 0 0 5 0 0 0 0 0 20 0 -30
0.125: 0 0 0 0 0 0 5 0 0 -30 -20 -2 0 -50 10 0 0 -20 0 -50 30 -20 0 0 -30 0 0 0 10 -2 0 0 -2 0 0 0 0
0.12240460157126826: 0 0 5 5 0 0 2 0 0 -2 0 0 -2 -20 10 0 0 -2 0 -50 0 -50 0 -10 -10 0 0 -2 0 -2 0 0 0 0 10 0 0
0.11167227833894501: 0 -10 0 0 0 -2 0 -2 0 -2 0 20 0 -20 10 0 0 -20 0 -50 0 -50 -30 -20 -10 5 0 0 10 -2 0 0 0 0 0 0 0
0.08438552188552187: 1 -10 0 0 0 0 10 0 -50 -2 0 30 0 -30 50 30 0 0 30 0 50 -50 0 0 -30 2 0 -30 0 -2 0 0 0 0 0 0 -50
0.08179012345679013: 1 -10 0 0 0 0 10 0 -50 -2 0 30 0 -50 50 30 0 0 30 0 50 -30 0 0 -30 2 0 -30 0 -2 0 0 0 0 2 0 -50
0.08179012345679013: 1 -10 0 0 0 0 10 0 -50 -2 0 30 0 -50 50 30 0 0 30 0 50 -30 0 0 -30 2 0 -30 0 -2 0 0 0 0 2 0 -50
0.07695005611672279: 1 -20 0 0 0 0 5 0 0 -5 0 0 -5 -50 30 0 0 -2 0 -30 50 30 0 20 -30 0 0 0 5 0 10 5 0 -2 30 2 -50
0.07077721661054992: 1 -20 0 0 0 0 5 0 0 -5 -2 0 -5 -50 30 0 0 -5 0 -30 50 30 0 20 -30 2 0 0 5 0 10 5 0 -2 30 0 -50
0.06621773288439955: 1 -10 2 0 0 0 10 0 0 -5 0 30 -2 -50 20 0 0 -30 0 -50 50 -5 -50 0 -20 2 0 0 30 -2 10 0 0 -5 5 0 -50
0.06362233445566778: 1 -10 2 0 0 0 10 0 0 -5 0 30 -2 -50 20 0 0 -30 0 -50 50 -5 -10 0 -20 2 0 0 30 -2 10 10 0 -5 5 0 -50
0.06362233445566778: 1 -10 2 0 0 0 10 0 0 -5 0 30 -2 -50 20 0 0 -30 0 -50 50 -5 -10 0 -20 2 0 0 30 -2 10 10 0 -5 5 0 -50
0.06362233445566778: 1 -10 2 0 0 0 10 0 0 -5 0 30 -2 -50 20 0 0 -30 0 -50 50 -5 -10 0 -20 2 0 0 30 -2 10 10 0 -5 5 0 -50
0.06362233445566778: 1 -10 2 0 0 0 10 0 0 -5 0 30 -2 -50 20 0 0 -30 0 -50 50 -5 -10 0 -20 2 0 0 30 -2 10 10 0 -5 5 0 -50
0.06362233445566778: 1 -10 2 0 0 0 10 0 0 -5 0 30 -2 -50 20 0 0 -30 0 -50 50 -5 -10 0 -20 2 0 0 30 -2 10 10 0 -5 5 0 -50
0.06362233445566778: 1 -10 2 0 0 0 10 0 0 -5 0 30 -2 -50 20 0 0 -30 0 -50 50 -5 -10 0 -20 2 0 0 30 -2 10 10 0 -5 5 0 -50
0.06362233445566778: 1 -10 2 0 0 0 10 0 0 -5 0 30 -2 -50 20 0 0 -30 0 -50 50 -5 -10 0 -20 2 0 0 30 -2 10 10 0 -5 5 0 -50
0.03696689113355778: 1 5 2 0 0 2 30 10 -50 -30 0 10 -2 -50 30 0 0 -30 2 -20 50 -50 -50 -10 -20 0 -2 -2 30 -2 -10 0 0 -10 30 20 -50
0.03696689113355778: 1 5 2 0 0 2 30 10 -50 -30 0 10 -2 -50 30 0 0 -30 2 -20 50 -50 -50 -10 -20 0 -2 -2 30 -2 -10 0 0 -10 30 20 -50
0.03535353535353536: 1 -5 2 0 10 2 -2 10 -50 -30 2 10 -20 -50 30 5 0 -20 2 -30 50 -30 0 5 -20 0 10 -2 30 -2 20 10 0 -20 30 20 -50
0.03535353535353536: 1 -5 2 0 10 2 -2 10 -50 -30 2 10 -20 -50 30 5 0 -20 2 -30 50 -30 0 5 -20 0 10 -2 30 -2 20 10 0 -20 30 20 -50
0.03535353535353536: 1 -5 2 0 10 2 -2 10 -50 -30 2 10 -20 -50 30 5 0 -20 2 -30 50 -30 0 5 -20 0 10 -2 30 -2 20 10 0 -20 30 20 -50
0.03535353535353536: 1 -5 2 0 10 2 -2 10 -50 -30 2 10 -20 -50 30 5 0 -20 2 -30 50 -30 0 5 -20 0 10 -2 30 -2 20 10 0 -20 30 20 -50
0.03535353535353536: 1 -5 2 0 10 2 -2 10 -50 -30 2 10 -20 -50 30 5 0 -20 2 -30 50 -30 0 5 -20 0 10 -2 30 -2 20 10 0 -20 30 20 -50
0.03535353535353536: 1 -5 2 0 10 2 -2 10 -50 -30 2 10 -20 -50 30 5 0 -20 2 -30 50 -30 0 5 -20 0 10 -2 30 -2 20 10 0 -20 30 20 -50
