TrainingAccuracy: 0.858
TestAccuracy: 0.7901037780641661
infeasible
infeasible
infeasible
infeasible
infeasible
no_sol
no_sol
-0.016626921038685752: 0 0 0 0 -50 0 0 -30 30 30 0 -30 0 20 0 -30 0 0 0 0 0 -1
-0.02338367779544251: 0 0 0 0 -10 0 0 -10 5 10 0 -10 0 10 0 -5 0 -5 0 0 0 -1
-0.10704822469528351: 0 0 0 0 -20 0 0 -20 50 20 0 -30 0 0 0 -20 10 0 -10 0 -30 -1
-0.10704822469528351: 0 0 0 0 -20 0 0 -20 50 20 0 -30 0 0 0 -20 10 0 -10 0 -30 -1
-0.10704822469528351: 0 0 0 0 -20 0 0 -20 50 20 0 -30 0 0 0 -20 10 0 -10 0 -30 -1
-0.10704822469528351: 0 0 0 0 -20 0 0 -20 50 20 0 -30 0 0 0 -20 10 0 -10 0 -30 -1
-0.10704822469528351: 0 0 0 0 -20 0 0 -20 50 20 0 -30 0 0 0 -20 10 0 -10 0 -30 -1
-0.10704822469528351: 0 0 0 0 -20 0 0 -20 50 20 0 -30 0 0 0 -20 10 0 -10 0 -30 -1
-0.1278484366719661: -20 -2 0 0 -30 0 0 -2 50 30 -20 -30 5 0 5 -20 5 0 -30 20 -30 -2
-0.1278484366719661: -20 -2 0 0 -30 0 0 -2 50 30 -20 -30 5 0 5 -20 5 0 -30 20 -30 -2
-0.1278484366719661: -20 -2 0 0 -30 0 0 -2 50 30 -20 -30 5 0 5 -20 5 0 -30 20 -30 -2
-0.13798357180710125: 0 0 0 2 -20 -5 -50 -20 50 10 5 -20 5 0 -10 -20 20 20 -30 0 -30 -1
-0.1606385797562268: -20 -20 -30 -2 -20 2 2 0 50 20 -20 0 2 -2 5 -20 20 5 -30 0 -30 -1
-0.1606385797562268: -20 -20 -30 -2 -20 2 2 0 50 20 -20 0 2 -2 5 -20 20 5 -30 0 -30 -1
-0.1606385797562268: -20 -20 -30 -2 -20 2 2 0 50 20 -20 0 2 -2 5 -20 20 5 -30 0 -30 -1
