TrainingAccuracy: 0.706
TestAccuracy: 0.648942508191838
infeasible
infeasible
infeasible
infeasible
infeasible
infeasible
no_sol
no_sol
no_sol
no_sol
0.08527131782945735: 0 30 -5 20 0 0 0 0 5 0 10 0 20 0 0 -1 0 0 -30 0 0 0 0 2 20 30 0 0
0.05894035492344163: 0 50 -10 30 0 0 0 0 10 0 20 0 30 0 0 0 0 0 -50 0 0 0 -2 0 20 20 -5 1
0.04888205522454997: 50 0 -10 0 0 -30 0 -20 20 0 30 0 50 0 -30 -1 0 0 -20 0 0 0 -20 0 30 30 0 0
0.04551861105772309: 0 2 -5 0 0 -30 -5 5 2 -5 2 0 0 0 0 0 50 0 2 50 0 0 -2 0 30 2 0 0
0.03132807995387277: 0 50 -50 20 -20 -30 0 -20 0 0 20 0 50 0 0 -2 30 0 0 50 -30 0 0 0 30 30 -10 0
0.0016016400794413577: 50 5 -10 0 0 -30 0 -20 10 1 30 0 50 0 -30 -2 0 0 -30 -10 0 0 0 10 50 30 0 0
-0.04414120058940352: 50 10 -20 0 -5 -10 -20 2 10 -20 2 0 0 0 -50 -1 0 0 -30 0 0 0 -20 -5 0 20 0 50
-0.05214940098661025: 50 50 -10 0 30 -20 0 20 -10 -20 20 0 30 0 -50 -2 1 0 -30 0 -50 0 0 10 50 20 0 0
-0.060413863796527634: 50 20 -10 0 0 -20 -20 5 -10 -20 20 0 30 0 -50 -2 1 0 0 30 -20 0 0 10 50 20 -5 0
-0.10173617784611438: 50 10 -20 -2 -5 -10 -20 0 10 -20 2 5 0 0 -50 0 20 0 20 30 0 0 -20 -5 0 20 -2 1
-0.10923185341789993: 30 20 -20 0 -2 -10 -20 5 10 -30 -5 0 -10 0 -50 -2 50 0 20 30 0 0 -10 2 10 20 0 -2
-0.11698379140239606: 0 50 -50 0 -5 -20 -50 10 30 -30 30 50 20 0 -2 -10 50 0 0 30 -50 0 -30 5 20 50 2 1
-0.11698379140239606: 0 50 -50 0 -5 -20 -50 10 30 -30 30 50 20 0 -2 -10 50 0 0 30 -50 0 -30 5 20 50 2 1
-0.11698379140239606: 0 50 -50 0 -5 -20 -50 10 30 -30 30 50 20 0 -2 -10 50 0 0 30 -50 0 -30 5 20 50 2 1
-0.11698379140239606: 0 50 -50 0 -5 -20 -50 10 30 -30 30 50 20 0 -2 -10 50 0 0 30 -50 0 -30 5 20 50 2 1
-0.11698379140239606: 0 50 -50 0 -5 -20 -50 10 30 -30 30 50 20 0 -2 -10 50 0 0 30 -50 0 -30 5 20 50 2 1
-0.11698379140239606: 0 50 -50 0 -5 -20 -50 10 30 -30 30 50 20 0 -2 -10 50 0 0 30 -50 0 -30 5 20 50 2 1
-0.11698379140239606: 0 50 -50 0 -5 -20 -50 10 30 -30 30 50 20 0 -2 -10 50 0 0 30 -50 0 -30 5 20 50 2 1
