TrainingAccuracy: 0.706
TestAccuracy: 0.6523681858802503
infeasible
infeasible
infeasible
infeasible
-0.26122017952287235: 30 0 0 0 0 0 0 0 0 0 0 0 -20 0 0 0 0 0 -2 0 0 0 0 0 10 0 0 1
-0.5082641322261157: 50 0 0 0 0 0 -30 0 0 20 0 0 0 0 0 0 0 0 0 0 0 0 -20 0 50 0 0 -10
-0.6242819885118162: 50 0 0 0 0 0 -30 30 0 20 0 0 0 0 0 0 0 0 0 0 0 0 -20 0 0 50 0 -10
-0.6639946239139827: 50 0 2 0 0 0 0 0 2 30 0 0 0 0 0 -5 0 0 0 0 0 0 -30 0 0 50 2 0
-0.7163634618153891: 50 0 10 0 0 0 0 0 10 30 0 0 0 0 0 -30 0 0 0 0 0 0 -20 0 20 0 5 -1
-0.7163954623273971: 50 0 10 0 0 0 0 -2 10 30 0 0 0 0 0 -30 0 0 0 0 0 0 -20 0 20 0 2 -1
-0.7642362277796445: 50 0 2 5 0 0 0 2 5 20 0 0 0 0 0 0 0 0 -10 0 0 0 -20 -10 0 0 5 -1
-0.7642362277796445: 50 0 2 5 0 0 0 2 5 20 0 0 0 0 0 0 0 0 -10 0 0 0 -20 -10 0 0 5 -1
-0.772140354245668: 50 0 30 0 30 0 20 10 0 30 -10 0 -20 0 0 0 0 0 -30 0 0 0 -30 -20 0 0 10 -1
-0.803980863693819: 50 0 20 0 20 5 10 10 0 30 0 0 0 0 10 -30 0 0 -20 0 0 0 0 2 20 0 5 -1
-0.8040128642058273: 50 0 20 -10 30 0 10 20 0 50 5 0 0 0 20 -20 0 0 -20 0 0 0 -30 -20 0 0 5 -1
-0.8119489911838589: 50 0 5 -5 20 -10 5 20 2 30 0 0 0 0 10 2 0 0 -30 -20 0 0 -10 0 10 0 2 0
-0.8120129922078753: 50 0 0 -20 30 -20 5 20 2 30 -2 0 0 0 0 -1 0 0 -30 -20 30 0 -5 10 0 20 5 0
-0.8120129922078753: 50 0 0 -20 30 -20 5 20 2 30 -2 0 0 0 0 -1 0 0 -30 -20 30 0 -5 10 0 20 5 0
-0.8120129922078753: 50 0 0 -20 30 -20 5 20 2 30 -2 0 0 0 0 -1 0 0 -30 -20 30 0 -5 10 0 20 5 0
-0.8120129922078753: 50 0 0 -20 30 -20 5 20 2 30 -2 0 0 0 0 -1 0 0 -30 -20 30 0 -5 10 0 20 5 0
-0.8120129922078753: 50 0 0 -20 30 -20 5 20 2 30 -2 0 0 0 0 -1 0 0 -30 -20 30 0 -5 10 0 20 5 0
-0.8120129922078753: 50 0 0 -20 30 -20 5 20 2 30 -2 0 0 0 0 -1 0 0 -30 -20 30 0 -5 10 0 20 5 0
-0.8120129922078753: 50 0 0 -20 30 -20 5 20 2 30 -2 0 0 0 0 -1 0 0 -30 -20 30 0 -5 10 0 20 5 0
-0.8120129922078753: 50 0 0 -20 30 -20 5 20 2 30 -2 0 0 0 0 -1 0 0 -30 -20 30 0 -5 10 0 20 5 0
-0.8120129922078753: 50 0 0 -20 30 -20 5 20 2 30 -2 0 0 0 0 -1 0 0 -30 -20 30 0 -5 10 0 20 5 0
-0.8120129922078753: 50 0 0 -20 30 -20 5 20 2 30 -2 0 0 0 0 -1 0 0 -30 -20 30 0 -5 10 0 20 5 0
-0.8120129922078753: 50 0 0 -20 30 -20 5 20 2 30 -2 0 0 0 0 -1 0 0 -30 -20 30 0 -5 10 0 20 5 0
-0.8120129922078753: 50 0 0 -20 30 -20 5 20 2 30 -2 0 0 0 0 -1 0 0 -30 -20 30 0 -5 10 0 20 5 0
