TrainingAccuracy: 0.706
TestAccuracy: 0.6520703008638665
no_sol
no_sol
no_sol
no_sol
no_sol
no_sol
no_sol
no_sol
no_sol
no_sol
no_sol
no_sol
0.2786523059928197: 50 0 20 -30 5 0 0 -10 10 20 0 0 0 0 30 0 0 0 0 0 0 0 -50 -30 0 50 2 -1
0.25324495995581325: 50 0 20 -30 2 0 -10 0 10 20 0 0 0 0 30 0 50 0 0 0 0 0 -50 -30 0 50 -2 -1
0.12731289698978188: 50 0 10 5 0 0 -10 0 10 -10 -2 0 -30 0 -5 -1 0 0 0 0 30 0 -10 2 0 30 -20 0
0.12731289698978188: 50 0 10 5 0 0 -10 0 10 -10 -2 0 -30 0 -5 -1 0 0 0 0 30 0 -10 2 0 30 -20 0
0.07125103562551782: 50 0 10 5 0 -2 -10 2 10 -10 -2 0 -30 0 -5 -2 0 -20 0 0 0 0 -10 5 0 30 -20 0
0.07125103562551782: 50 0 10 5 0 -2 -10 2 10 -10 -2 0 -30 0 -5 -2 0 -20 0 0 0 0 -10 5 0 30 -20 0
0.07125103562551782: 50 0 10 5 0 -2 -10 2 10 -10 -2 0 -30 0 -5 -2 0 -20 0 0 0 0 -10 5 0 30 -20 0
0.07125103562551782: 50 0 10 5 0 -2 -10 2 10 -10 -2 0 -30 0 -5 -2 0 -20 0 0 0 0 -10 5 0 30 -20 0
0.07125103562551782: 50 0 10 5 0 -2 -10 2 10 -10 -2 0 -30 0 -5 -2 0 -20 0 0 0 0 -10 5 0 30 -20 0
0.06572769953051649: 50 2 10 2 5 -5 -5 5 10 -2 5 2 -30 0 0 -10 0 -50 0 0 20 0 -10 5 2 30 -20 -1
0.06572769953051649: 50 2 10 2 5 -5 -5 5 10 -2 5 2 -30 0 0 -10 0 -50 0 0 20 0 -10 5 2 30 -20 -1
0.06572769953051649: 50 2 10 2 5 -5 -5 5 10 -2 5 2 -30 0 0 -10 0 -50 0 0 20 0 -10 5 2 30 -20 -1
0.06572769953051649: 50 2 10 2 5 -5 -5 5 10 -2 5 2 -30 0 0 -10 0 -50 0 0 20 0 -10 5 2 30 -20 -1
0.06572769953051649: 50 2 10 2 5 -5 -5 5 10 -2 5 2 -30 0 0 -10 0 -50 0 0 20 0 -10 5 2 30 -20 -1
0.06572769953051649: 50 2 10 2 5 -5 -5 5 10 -2 5 2 -30 0 0 -10 0 -50 0 0 20 0 -10 5 2 30 -20 -1
0.06572769953051649: 50 2 10 2 5 -5 -5 5 10 -2 5 2 -30 0 0 -10 0 -50 0 0 20 0 -10 5 2 30 -20 -1
