TrainingAccuracy: 0.872
TestAccuracy: 0.8150088893047628
infeasible
infeasible
infeasible
infeasible
infeasible
infeasible
no_sol
no_sol
no_sol
no_sol
no_sol
no_sol
no_sol
no_sol
-0.26400987224157957: 0 -30 0 2 0 2 0 0 30 -20 0 0 0 -50 20 0 0 0 0 0 0 0 -30 -30 -20 0 10 0 -20 0 0 20 0 0 30 0 -1
-0.30538617886178865: 0 -20 5 2 0 2 0 0 0 -10 0 0 0 -30 10 0 0 0 5 0 0 -10 0 -20 -10 0 5 0 -10 0 0 5 0 0 20 0 -1
-0.31504065040650403: 0 -50 2 0 0 2 0 0 0 -10 0 0 50 -50 20 0 0 0 5 -5 0 -30 2 -50 -10 0 0 0 -30 2 10 0 0 0 50 0 0
-0.3360191637630662: 0 -30 5 0 0 2 10 0 0 -10 0 2 0 -50 20 0 0 0 5 -10 0 -10 0 -30 -30 0 5 0 -30 0 0 20 0 0 30 0 -1
-0.3479239256678281: 0 -30 5 0 0 2 10 0 5 -10 0 0 0 -50 20 0 0 0 5 -10 0 -10 5 -30 -30 0 2 0 -30 2 0 20 0 0 30 0 0
-0.3507549361207898: 0 -30 5 5 0 2 20 0 10 -10 10 0 20 -50 10 0 0 0 5 0 0 -20 0 -30 -30 0 -5 0 -30 0 0 20 0 0 30 0 -1
-0.37144308943089427: 0 -20 0 5 0 2 0 -10 10 -10 0 0 20 -50 10 -10 0 0 2 0 2 -10 0 -30 0 5 0 30 0 0 5 20 0 0 30 20 -30
-0.38080720092915216: 5 -10 -2 0 -5 0 0 -5 2 -5 0 0 30 -50 2 0 0 0 2 0 0 -10 0 -20 -30 0 -2 0 -50 0 10 10 0 -10 50 20 1
-0.38080720092915216: 5 -10 -2 0 -5 0 0 -5 2 -5 0 0 30 -50 2 0 0 0 2 0 0 -10 0 -20 -30 0 -2 0 -50 0 10 10 0 -10 50 20 1
-0.38080720092915216: 5 -10 -2 0 -5 0 0 -5 2 -5 0 0 30 -50 2 0 0 0 2 0 0 -10 0 -20 -30 0 -2 0 -50 0 10 10 0 -10 50 20 1
-0.3836382113821138: 0 -10 5 10 0 2 10 -5 20 -10 2 0 50 -50 5 0 0 0 5 0 0 -20 0 -20 -50 0 -5 0 -50 0 2 20 0 -2 50 20 -1
-0.3836382113821138: 0 -10 5 10 0 2 10 -5 20 -10 2 0 50 -50 5 0 0 0 5 0 0 -20 0 -20 -50 0 -5 0 -50 0 2 20 0 -2 50 20 -1
-0.3836382113821138: 0 -10 5 10 0 2 10 -5 20 -10 2 0 50 -50 5 0 0 0 5 0 0 -20 0 -20 -50 0 -5 0 -50 0 2 20 0 -2 50 20 -1
-0.3836382113821138: 0 -10 5 10 0 2 10 -5 10 -10 2 0 50 -50 5 0 0 0 5 0 0 -20 0 -20 -50 0 -5 0 -50 0 5 20 0 -2 50 20 -1
-0.3836382113821138: 0 -10 5 10 0 2 10 -5 10 -10 2 0 50 -50 5 0 0 0 5 0 0 -20 0 -20 -50 0 -5 0 -50 0 5 20 0 -2 50 20 -1
-0.3836382113821138: 0 -10 5 10 0 2 10 -5 10 -10 2 0 50 -50 5 0 0 0 5 0 0 -20 0 -20 -50 0 -5 0 -50 0 5 20 0 -2 50 20 -1
-0.3836382113821138: 0 -10 5 10 0 2 10 -5 10 -10 2 0 50 -50 5 0 0 0 5 0 0 -20 0 -20 -50 0 -5 0 -50 0 5 20 0 -2 50 20 -1
-0.3836382113821138: 0 -10 5 10 0 2 10 -5 10 -10 2 0 50 -50 5 0 0 0 5 0 0 -20 0 -20 -50 0 -5 0 -50 0 5 20 0 -2 50 20 -1
-0.3836382113821138: 0 -10 5 10 0 2 10 -5 10 -10 2 0 50 -50 5 0 0 0 5 0 0 -20 0 -20 -50 0 -5 0 -50 0 5 20 0 -2 50 20 -1
-0.3836382113821138: 0 -10 5 10 0 2 10 -5 10 -10 2 0 50 -50 5 0 0 0 5 0 0 -20 0 -20 -50 0 -5 0 -50 0 5 20 0 -2 50 20 -1
-0.3836382113821138: 0 -10 5 10 0 2 10 -5 10 -10 2 0 50 -50 5 0 0 0 5 0 0 -20 0 -20 -50 0 -5 0 -50 0 5 20 0 -2 50 20 -1
-0.3836382113821138: 0 -10 5 10 0 2 10 -5 10 -10 2 0 50 -50 5 0 0 0 5 0 0 -20 0 -20 -50 0 -5 0 -50 0 5 20 0 -2 50 20 -1
-0.3836382113821138: 0 -10 5 10 0 2 10 -5 10 -10 2 0 50 -50 5 0 0 0 5 0 0 -20 0 -20 -50 0 -5 0 -50 0 5 20 0 -2 50 20 -1
