TrainingAccuracy: 0.706
TestAccuracy: 0.6520703008638665
no_sol
no_sol
no_sol
no_sol
no_sol
no_sol
no_sol
no_sol
0.3427230046948357: 30 0 0 -2 0 -2 0 0 0 5 0 0 0 0 0 0 0 0 -2 0 50 0 -10 -2 0 20 0 0
0.0664181165423916: 50 0 10 10 0 0 0 0 30 -10 0 0 -50 0 0 1 0 0 -50 0 0 0 10 0 50 0 0 0
-0.013808340237503547: 50 0 20 20 -10 0 0 0 30 -20 0 0 -20 0 0 -2 0 0 0 0 0 0 -30 -50 0 20 0 0
-0.04294393813863573: 50 0 20 30 -5 0 0 0 -5 -20 0 0 -50 0 0 -20 0 0 0 0 0 0 10 0 50 50 0 -2
-0.04294393813863573: 50 0 20 30 -5 0 0 0 -5 -20 0 0 -50 0 0 -20 0 0 0 0 0 0 10 0 50 50 0 -2
-0.04294393813863573: 50 0 20 30 -5 0 0 0 -5 -20 0 0 -50 0 0 -20 0 0 0 0 0 0 10 0 50 50 0 -2
-0.07566970450151889: 30 0 20 20 0 0 0 -20 30 -30 0 50 -20 0 0 -2 20 0 0 0 0 0 -30 -50 -10 50 -10 0
-0.07566970450151889: 30 0 20 20 0 0 0 -20 30 -30 0 50 -20 0 0 -2 20 0 0 0 0 0 -30 -50 -10 50 -10 0
-0.07566970450151889: 30 0 20 20 0 0 0 -20 30 -30 0 50 -20 0 0 -2 20 0 0 0 0 0 -30 -50 -10 50 -10 0
-0.08271195802264564: 50 0 20 30 -10 0 0 -20 30 -50 0 50 -30 0 0 -2 30 -50 0 1 0 0 -30 -50 5 50 -10 0
-0.08271195802264564: 50 0 20 30 -10 0 0 -20 30 -50 0 50 -30 0 0 -2 30 -50 0 1 0 0 -30 -50 5 50 -10 0
-0.11888980944490479: 50 0 20 20 0 2 10 -20 -2 -20 0 30 -30 0 -2 0 20 -30 0 0 5 0 -5 -20 5 30 -10 1
-0.12689864678265672: 30 30 -20 2 0 -50 -10 -10 30 -30 10 50 -50 0 20 5 20 0 2 0 0 0 -20 2 20 50 5 0
-0.20615851974592653: 50 -20 30 20 0 0 0 -20 2 -30 5 50 -30 5 0 -1 10 -50 -20 -20 5 0 10 -2 30 30 -10 0
-0.20615851974592653: 50 -20 30 20 0 0 0 -20 2 -30 5 50 -30 5 0 -1 10 -50 -20 -20 5 0 10 -2 30 30 -10 0
-0.20615851974592653: 50 -20 30 20 0 0 0 -20 2 -30 5 50 -30 5 0 -1 10 -50 -20 -20 5 0 10 -2 30 30 -10 0
-0.20615851974592653: 50 -20 30 20 0 0 0 -20 2 -30 5 50 -30 5 0 -1 10 -50 -20 -20 5 0 10 -2 30 30 -10 0
-0.20615851974592653: 50 -20 30 20 0 0 0 -20 2 -30 5 50 -30 5 0 -1 10 -50 -20 -20 5 0 10 -2 30 30 -10 0
-0.20615851974592653: 50 -20 30 20 0 0 0 -20 2 -30 5 50 -30 5 0 -1 10 -50 -20 -20 5 0 10 -2 30 30 -10 0
-0.20615851974592653: 50 -20 30 20 0 0 0 -20 2 -30 5 50 -30 5 0 -1 10 -50 -20 -20 5 0 10 -2 30 30 -10 0
