TrainingAccuracy: 0.886
TestAccuracy: 0.8026574342659306
no_sol
no_sol
no_sol
no_sol
no_sol
no_sol
no_sol
0.32969215491559084: 0 -50 0 0 0 -20 0 0 0 -10 0 0 0 -50 0 0 0 0 0 0 30 0 0 0 -50 0 0 0 0 0 0 0 0 0 50 0 -1
0.32969215491559084: 0 -50 0 0 0 -20 0 0 0 -10 0 0 0 -50 0 0 0 0 0 0 30 0 0 0 -50 0 0 0 0 0 0 0 0 0 50 0 -1
0.04518371400198612: 1 -2 0 0 0 0 0 -50 0 -30 -30 0 0 -50 0 0 0 0 0 0 20 0 0 0 -30 -10 0 0 0 0 0 0 0 0 20 0 0
-0.23286991062562068: 1 0 0 2 0 0 0 -20 0 -30 0 0 5 -50 0 0 0 0 0 0 0 0 0 -10 -5 0 10 -2 0 0 0 0 0 0 30 0 0
-0.23286991062562068: 1 0 0 2 0 0 0 -20 0 -30 0 0 5 -50 0 0 0 0 0 0 0 0 0 -10 -5 0 10 -2 0 0 0 0 0 0 30 0 0
-0.24230387288977162: 1 0 0 2 -5 0 0 -20 0 -30 0 0 5 -50 0 0 0 0 0 -30 0 0 0 -10 -5 0 10 -2 0 0 0 0 0 0 30 0 0
-0.3232373386295928: 0 0 0 5 0 0 0 -10 10 -30 -10 0 0 -50 0 0 0 2 0 2 0 0 0 -20 -20 -2 0 0 20 0 0 0 0 0 30 0 1
-0.3232373386295928: 0 0 0 5 0 0 0 -10 10 -30 -10 0 0 -50 0 0 0 2 0 2 0 0 0 -20 -20 -2 0 0 20 0 0 0 0 0 30 0 1
-0.33267130089374375: 0 0 0 5 0 0 0 -10 10 -30 -10 0 0 -50 0 -10 0 2 0 0 0 -2 0 -20 -20 -2 2 0 20 0 0 0 0 0 30 0 1
-0.3907646474677259: 0 0 0 10 5 0 0 0 0 -50 0 0 0 -50 0 0 0 0 5 -50 -5 -30 -20 -50 -30 0 20 0 50 0 0 -5 0 0 50 20 -2
-0.40963257199602776: 0 0 10 10 0 0 0 -10 10 -30 -20 -5 20 -50 0 0 0 0 -2 0 0 0 -10 -20 -30 -2 5 -2 20 0 0 0 0 0 30 0 0
-0.40963257199602776: 0 0 10 10 0 0 0 -10 10 -30 -20 -5 20 -50 0 0 0 0 -2 0 0 0 -10 -20 -30 -2 5 -2 20 0 0 0 0 0 30 0 0
-0.40963257199602776: 0 0 10 10 0 0 0 -10 10 -30 -20 -5 20 -50 0 0 0 0 -2 0 0 0 -10 -20 -30 -2 5 -2 20 0 0 0 0 0 30 0 0
-0.4190665342601787: -2 0 10 10 0 0 0 -10 20 -30 -10 -5 10 -50 0 -5 0 0 -2 0 0 -2 -20 -20 -20 0 5 -2 20 0 0 -2 0 0 30 0 0
-0.4190665342601787: -2 0 10 10 0 0 0 -10 20 -30 -10 -5 10 -50 0 -5 0 0 -2 0 0 -2 -20 -20 -20 0 5 -2 20 0 0 -2 0 0 30 0 0
-0.4190665342601787: -2 0 10 10 0 0 0 -10 20 -30 -10 -5 10 -50 0 -5 0 0 -2 0 0 -2 -20 -20 -20 0 5 -2 20 0 0 -2 0 0 30 0 0
-0.4190665342601787: -2 0 10 10 0 0 0 -10 20 -30 -10 -5 10 -50 0 -5 0 0 -2 0 0 -2 -20 -20 -20 0 5 -2 20 0 0 -2 0 0 30 0 0
-0.4528301886792453: 5 -20 -5 0 -2 0 0 -30 0 -30 -10 2 30 -50 -5 -30 0 0 -5 0 0 -10 -30 -30 -20 5 20 -5 30 0 0 0 0 5 50 -5 -1
-0.4528301886792453: 5 -20 -5 0 -2 0 0 -30 0 -30 -10 2 30 -50 -5 -30 0 0 -5 0 0 -10 -30 -30 -20 5 20 -5 30 0 0 0 0 5 50 -5 -1
-0.4528301886792453: 5 -20 -5 0 -2 0 0 -30 0 -30 -10 2 30 -50 -5 -30 0 0 -5 0 0 -10 -30 -30 -20 5 20 -5 30 0 0 0 0 5 50 -5 -1
-0.49056603773584906: 0 -30 -2 2 0 -5 -5 -50 0 -20 -10 10 30 -50 0 -30 0 0 0 0 1 -5 -30 -30 -10 0 20 -5 30 0 -2 -10 0 20 50 -5 -2
-0.49056603773584906: 0 -30 -2 2 0 -5 -5 -50 0 -20 -10 10 30 -50 0 -30 0 0 0 0 1 -5 -30 -30 -10 0 20 -5 30 0 -2 -10 0 20 50 -5 -2
-0.49056603773584906: 0 -30 -2 2 0 -5 -5 -50 0 -20 -10 10 30 -50 0 -30 0 0 0 0 1 -5 -30 -30 -10 0 20 -5 30 0 -2 -10 0 20 50 -5 -2
-0.49056603773584906: 0 -30 -2 2 0 -5 -5 -50 0 -20 -10 10 30 -50 0 -30 0 0 0 0 1 -5 -30 -30 -10 0 20 -5 30 0 -2 -10 0 20 50 -5 -2
-0.49056603773584906: 0 -30 -2 2 0 -5 -5 -50 0 -20 -10 10 30 -50 0 -30 0 0 0 0 1 -5 -30 -30 -10 0 20 -5 30 0 -2 -10 0 20 50 -5 -2
-0.49056603773584906: 0 -30 -2 2 0 -5 -5 -50 0 -20 -10 10 30 -50 0 -30 0 0 0 0 1 -5 -30 -30 -10 0 20 -5 30 0 -2 -10 0 20 50 -5 -2
-0.49056603773584906: 0 -30 -2 2 0 -5 -5 -50 0 -20 -10 10 30 -50 0 -30 0 0 0 0 1 -5 -30 -30 -10 0 20 -5 30 0 -2 -10 0 20 50 -5 -2
-0.49056603773584906: 0 -30 -2 2 0 -5 -5 -50 0 -20 -10 10 30 -50 0 -30 0 0 0 0 1 -5 -30 -30 -10 0 20 -5 30 0 -2 -10 0 20 50 -5 -2
-0.49056603773584906: 0 -30 -2 2 0 -5 -5 -50 0 -20 -10 10 30 -50 0 -30 0 0 0 0 1 -5 -30 -30 -10 0 20 -5 30 0 -2 -10 0 20 50 -5 -2
-0.49056603773584906: 0 -30 -2 2 0 -5 -5 -50 0 -20 -10 10 30 -50 0 -30 0 0 0 0 1 -5 -30 -30 -10 0 20 -5 30 0 -2 -10 0 20 50 -5 -2
