TrainingAccuracy: 0.706
TestAccuracy: 0.6520703008638665
no_sol
no_sol
no_sol
no_sol
0.22328086164043082: 30 0 0 0 0 0 0 0 0 0 0 0 -20 0 0 0 0 0 -2 0 0 0 0 0 10 0 0 1
0.10535763601215137: 50 0 0 0 0 0 -30 0 20 0 0 0 0 0 20 -30 0 0 0 0 0 0 0 0 50 0 0 0
0.024164595415631096: 50 0 -5 20 0 0 0 0 0 0 10 0 0 0 0 1 0 0 -30 0 0 0 0 0 30 0 0 0
-0.06255178127589067: 5 0 5 5 0 0 0 0 -2 -5 0 0 0 0 0 -2 0 0 0 0 0 0 0 -2 10 0 0 0
-0.06255178127589067: 5 0 5 5 0 0 0 0 -2 -5 0 0 0 0 0 -2 0 0 0 0 0 0 0 -2 10 0 0 0
-0.18931234465617236: 50 0 5 5 0 0 -5 0 -2 -5 0 0 -5 0 0 -2 0 0 0 0 0 0 0 -2 10 0 0 0
-0.19207401270367302: 50 0 30 5 0 0 0 -30 -2 -30 0 0 -30 0 0 -2 0 0 0 0 0 0 0 -2 30 5 0 0
-0.19207401270367302: 50 0 30 5 0 0 0 -30 -2 -30 0 0 -30 0 0 -2 0 0 0 0 0 0 0 -2 30 5 0 0
-0.19207401270367302: 50 0 30 5 0 0 0 -30 -2 -30 0 0 -30 0 0 -2 0 0 0 0 0 0 0 -2 30 5 0 0
-0.21389119027892844: 50 0 -5 0 -10 -20 0 -20 20 -30 0 0 -50 0 0 2 0 0 0 5 0 0 0 20 20 30 -10 0
-0.2292184479425573: 50 0 -2 5 -10 -10 0 -10 20 -30 0 0 -50 0 0 0 0 0 -5 0 0 0 0 20 20 30 -10 1
-0.23626070146368405: 50 0 -2 5 -10 -10 0 -10 20 -30 0 0 -50 0 0 0 0 -50 -5 0 0 0 0 20 20 30 -10 1
-0.26014913007456497: 50 2 -2 5 -20 -2 -20 -10 20 -30 1 0 -50 0 0 0 0 0 0 -2 0 0 0 20 30 30 -5 0
-0.26014913007456497: 50 2 -2 5 -20 -2 -20 -10 20 -30 1 0 -50 0 0 0 0 0 0 -2 0 0 0 20 30 30 -5 0
-0.2622203811101906: 50 0 10 20 0 -5 -10 -20 -2 -30 0 50 -30 0 20 5 0 0 -2 -5 30 0 0 -2 30 30 -20 0
-0.2797569732118199: 50 20 0 30 -30 5 -20 -20 30 -30 20 10 -50 0 30 -2 0 -50 0 0 0 0 -30 0 5 50 -10 1
-0.3391328362330848: 50 20 2 2 0 -20 -30 2 30 -5 50 0 -30 50 30 -1 0 -50 0 5 0 0 -50 -20 2 30 0 -10
-0.34893675780171224: 50 10 5 2 0 -20 -30 5 30 -10 50 50 -30 50 30 0 0 -50 -10 0 -5 0 -50 -20 2 30 0 -1
-0.355979011322839: 50 20 -2 10 -5 -20 -20 2 20 -30 20 0 -50 30 10 0 0 -50 0 10 0 30 -30 -2 10 30 5 1
-0.3657829328914664: 50 20 -2 10 -5 -20 -20 2 20 -30 20 50 -50 30 10 0 0 -50 0 10 0 30 -30 -2 10 30 5 1
-0.3657829328914664: 50 20 -2 10 -5 -20 -20 2 20 -30 20 50 -50 30 10 0 0 -50 0 10 0 30 -30 -2 10 30 5 1
-0.3657829328914664: 50 20 -2 10 -5 -20 -20 2 20 -30 20 50 -50 30 10 0 0 -50 0 10 0 30 -30 -2 10 30 5 1
-0.3657829328914664: 50 20 -2 10 -5 -20 -20 2 20 -30 20 50 -50 30 10 0 0 -50 0 10 0 30 -30 -2 10 30 5 1
-0.3657829328914664: 50 20 -2 10 -5 -20 -20 2 20 -30 20 50 -50 30 10 0 0 -50 0 10 0 30 -30 -2 10 30 5 1
