TrainingAccuracy: 0.808
TestAccuracy: 0.7850844468561351
no_sol
no_sol
no_sol
no_sol
no_sol
no_sol
-0.04043126684636117: 0 0 0 0 0 -30 0 -50 50 0 -30 50 0 0 0 0 0 0 0 20 0 -30
-0.1347708894878706: 0 0 0 0 -5 0 0 0 2 0 0 2 5 -5 0 0 0 0 0 2 2 -5
-0.21713087750823598: -20 0 0 0 0 -30 0 -30 50 0 -30 50 0 0 0 0 0 0 0 20 20 -50
-0.21713087750823598: -20 0 0 0 0 -30 0 -30 50 0 -30 50 0 0 0 0 0 0 0 20 20 -50
-0.2994908655286014: 0 0 0 0 -2 0 0 0 2 2 -2 2 2 -2 0 0 0 0 0 2 2 -5
-0.47319556753519015: 0 0 0 0 -5 2 0 -1 20 5 -30 30 0 0 0 0 2 2 -2 0 30 -50
-0.47319556753519015: 0 0 0 0 -5 2 0 -1 20 5 -30 30 0 0 0 0 2 2 -2 0 30 -50
-0.47319556753519015: 0 0 0 0 -5 2 0 -1 20 5 -30 30 0 0 0 0 2 2 -2 0 30 -50
-0.47319556753519015: 0 0 0 0 -5 2 0 -1 20 5 -30 30 0 0 0 0 2 2 -2 0 30 -50
-0.5148247978436657: 0 2 0 0 -10 5 0 -1 10 10 -20 20 0 2 2 -2 -5 0 2 5 20 -30
-0.5435759209344115: 5 0 0 -2 -10 -1 0 -30 50 -10 -50 50 0 10 2 -10 -10 -2 0 5 50 -50
-0.5435759209344115: 5 0 0 -2 -10 -1 0 -30 50 -10 -50 50 0 10 2 -10 -10 -2 0 5 50 -50
-0.5435759209344115: 5 0 0 -2 -10 -1 0 -30 50 -10 -50 50 0 10 2 -10 -10 -2 0 5 50 -50
-0.5435759209344115: 5 0 0 -2 -10 -1 0 -30 50 -10 -50 50 0 10 2 -10 -10 -2 0 5 50 -50
-0.5435759209344115: 5 0 0 -2 -10 -1 0 -30 50 -10 -50 50 0 10 2 -10 -10 -2 0 5 50 -50
-0.5435759209344115: 5 0 0 -2 -10 -1 0 -30 50 -10 -50 50 0 10 2 -10 -10 -2 0 5 50 -50
