TrainingAccuracy: 0.718
TestAccuracy: 0.6492403932082216
infeasible
no_sol
no_sol
no_sol
no_sol
no_sol
no_sol
no_sol
no_sol
no_sol
no_sol
no_sol
no_sol
-0.2824754901960785: 0 0 -2 0 -10 -20 0 -10 10 2 -2 0 -50 0 0 0 0 0 0 0 -20 0 0 2 10 30 2 1
-0.2928921568627451: 0 0 -2 0 -10 -20 0 -10 10 2 -2 0 -50 0 0 0 0 -30 0 0 -20 0 0 2 10 30 2 1
-0.2928921568627451: 0 0 -2 0 -10 -20 0 -10 10 2 -2 0 -50 0 0 0 0 -50 0 0 0 -20 0 2 10 30 2 1
-0.6035539215686274: 20 -10 -20 0 -30 -50 -10 0 20 50 -10 0 -30 0 0 -1 0 0 -10 0 0 0 30 -10 50 20 5 0
-0.6035539215686274: 20 -10 -20 0 -30 -50 -10 0 20 50 -10 0 -30 0 0 -1 0 0 -10 0 0 0 30 -10 50 20 5 0
-0.6035539215686274: 20 -10 -20 0 -30 -50 -10 0 20 50 -10 0 -30 0 0 -1 0 0 -10 0 0 0 30 -10 50 20 5 0
-0.6035539215686274: 20 -10 -20 0 -30 -50 -10 0 20 50 -10 0 -30 0 0 -1 0 0 -10 0 0 0 30 -10 50 20 5 0
-0.6035539215686274: 20 -10 -20 0 -30 -50 -10 0 20 50 -10 0 -30 0 0 -1 0 0 -10 0 0 0 30 -10 50 20 5 0
-0.6035539215686274: 20 -10 -20 0 -30 -50 -10 0 20 50 -10 0 -30 0 0 -1 0 0 -10 0 0 0 30 -10 50 20 5 0
-0.6139705882352942: 20 -10 -20 0 -30 -50 -10 0 20 50 -10 0 -30 0 0 -1 -5 0 -10 -5 -5 0 30 -10 50 20 5 0
-0.6139705882352942: 20 -10 -20 0 -30 -50 -10 0 20 50 -10 0 -30 0 0 -1 -5 0 -10 -5 -5 0 30 -10 50 20 5 0
-0.6139705882352942: 20 -10 -20 0 -30 -50 -10 0 20 50 -10 0 -30 0 0 -1 -5 0 -10 -5 -5 0 30 -10 50 20 5 0
-0.6139705882352942: 20 -10 -20 0 -30 -50 -10 0 20 50 -10 0 -30 0 0 -1 -5 0 -10 -5 -5 0 30 -10 50 20 5 0
-0.6139705882352942: 20 -10 -20 0 -30 -50 -10 0 20 50 -10 0 -30 0 0 -1 -5 0 -10 -5 -5 0 30 -10 50 20 5 0
-0.6139705882352942: 20 -10 -20 0 -30 -50 -10 0 20 50 -10 0 -30 0 0 -1 -5 0 -10 -5 -5 0 30 -10 50 20 5 0
