TrainingAccuracy: 0.71
TestAccuracy: 0.6425379803395889
infeasible
infeasible
infeasible
infeasible
-0.25699892509345273: 0 0 1 -2 0 -30 0 0 0 0 0 0 0 0 0 0 0 0 0 0 0 0 0 0 20 20 0 0
-0.3824260801206463: 0 0 0 -2 0 -30 0 0 0 2 0 0 0 0 0 0 0 0 0 0 0 0 0 0 0 50 2 -1
-0.4127962009273074: 0 0 0 -20 0 -50 0 0 0 20 0 0 0 0 0 -5 0 0 0 0 0 0 0 0 30 30 10 0
-0.5225489724214275: 0 0 0 -5 0 -30 0 0 0 10 0 0 0 0 0 0 0 0 0 0 0 0 -5 0 20 30 2 -1
-0.5322391747284657: 0 0 0 0 -30 -50 -50 0 0 50 0 0 0 0 0 0 0 0 0 0 0 0 -20 0 50 50 30 -1
-0.5474483002037509: 0 0 0 0 -20 -30 -30 0 0 30 0 0 0 0 -30 0 0 0 0 0 0 0 -10 0 30 30 20 -5
-0.5665078371917666: 0 0 0 2 -20 -30 -50 0 2 20 0 0 0 0 0 -5 0 0 0 0 0 0 0 2 50 30 2 0
-0.5761980394988047: 50 0 0 0 -20 -50 -50 0 0 30 0 0 0 2 -50 0 0 0 0 0 0 0 -20 0 50 30 20 -1
-0.5766151674126839: 50 0 0 0 -30 -30 -50 -30 0 50 0 0 0 20 -50 0 0 0 0 0 0 0 -20 0 50 30 10 -1
-0.5959955720267605: 50 -20 0 0 -30 -2 -50 -30 5 30 0 0 0 20 -30 0 0 0 -2 0 0 0 0 0 30 30 -2 0
-0.5959955720267605: 50 -20 0 0 -30 -2 -50 -30 5 30 0 0 0 20 -30 0 0 0 -2 0 0 0 0 0 30 30 -2 0
-0.6023487510227655: 50 -20 0 -5 -20 -20 -50 -5 20 30 -5 0 0 0 -30 0 0 0 -5 0 0 0 0 0 30 30 -5 -1
-0.6204777718952046: 50 -20 -10 -30 0 -50 -50 0 20 30 -2 0 0 2 -50 0 0 0 0 10 0 0 0 2 30 50 -2 1
-0.6204777718952046: 50 -20 -10 -30 0 -50 -50 0 20 30 -2 0 0 2 -50 0 0 0 0 10 0 0 0 2 30 50 -2 1
-0.6268309508912098: 0 -20 -2 -5 -20 -20 -50 -2 20 30 -2 0 0 5 -50 0 0 0 -10 0 0 0 2 5 30 30 -5 1
-0.6268309508912098: 0 -20 -2 -5 -20 -20 -50 -2 20 30 -2 0 0 5 -50 0 0 0 -10 0 0 0 2 5 30 30 -5 1
-0.6293337183744846: 50 -30 -2 -5 -30 -10 -50 -5 10 50 20 0 30 30 0 0 0 0 -20 -2 0 0 2 5 30 10 -5 1
-0.6293337183744846: 50 -30 -2 -5 -30 -10 -50 -5 10 50 20 0 30 30 0 0 0 0 -20 -2 0 0 2 5 30 10 -5 1
-0.6352697694566107: -2 -30 -2 -5 -30 -10 -50 -2 10 20 -10 0 0 0 -50 1 0 0 -20 -2 -10 -50 2 5 30 10 -5 30
-0.6352697694566107: -2 -30 -2 -5 -30 -10 -50 -2 10 20 -10 0 0 0 -50 1 0 0 -20 -2 -10 -50 2 5 30 10 -5 30
-0.6352697694566107: -2 -30 -2 -5 -30 -10 -50 -2 10 20 -10 0 0 0 -50 1 0 0 -20 -2 -10 -50 2 5 30 10 -5 30
-0.6352697694566107: -2 -30 -2 -5 -30 -10 -50 -2 10 20 -10 0 0 0 -50 1 0 0 -20 -2 -10 -50 2 5 30 10 -5 30
-0.6352697694566107: -2 -30 -2 -5 -30 -10 -50 -2 10 20 -10 0 0 0 -50 1 0 0 -20 -2 -10 -50 2 5 30 10 -5 30
-0.6352697694566107: -2 -30 -2 -5 -30 -10 -50 -2 10 20 -10 0 0 0 -50 1 0 0 -20 -2 -10 -50 2 5 30 10 -5 30
