TrainingAccuracy: 0.708
TestAccuracy: 0.647899910634495
infeasible
infeasible
infeasible
-0.4069767441860465: 0 0 0 0 0 0 0 0 0 0 -20 0 0 0 0 0 0 0 -50 0 0 0 0 0 30 0 0 30
-0.41860465116279066: 0 0 0 0 0 0 0 0 0 0 -20 0 0 0 -50 0 0 0 -50 0 0 0 0 0 30 0 0 30
-0.6221090396566085: 0 0 0 0 0 0 -2 0 0 2 0 0 0 0 0 0 0 0 -1 5 0 0 -2 0 0 2 0 0
-0.6636876161189058: 0 0 0 0 0 0 -20 0 -20 50 0 0 0 0 0 0 0 0 -50 0 0 0 -20 0 0 50 0 30
-0.7300595810109552: 0 0 0 0 -2 0 -5 0 -5 10 0 0 0 0 0 0 0 0 -2 30 0 0 -2 0 0 10 0 0
-0.74658850663079: 0 0 -2 0 -2 -2 -5 0 -5 10 0 0 0 0 0 0 0 0 0 50 0 0 -2 0 0 10 0 0
-0.7631174322506247: 0 0 0 0 -10 0 -50 50 -30 50 0 0 20 0 0 0 0 0 -5 50 0 0 -10 0 0 30 0 0
-0.7806714075213018: 0 20 -20 0 -5 0 -50 30 5 30 0 0 0 0 0 0 0 0 -2 30 0 0 -10 0 0 10 0 0
-0.7961752834902941: 0 20 -20 0 -5 0 -50 30 5 30 0 0 0 0 -50 0 0 0 -2 30 0 0 -10 0 0 10 0 0
-0.8039272214747901: 0 20 -20 0 -5 0 -50 30 5 30 0 20 0 0 -50 -2 0 0 0 20 0 0 -10 0 0 10 0 0
-0.8127042091101289: 20 0 -20 0 -10 0 -50 30 -10 30 -5 0 0 0 -20 1 0 0 0 30 0 0 0 10 20 5 0 0
-0.8127042091101289: 20 0 -20 0 -10 0 -50 30 -10 30 -5 0 0 0 -20 1 0 0 0 30 0 0 0 10 20 5 0 0
-0.8194310974437824: -5 20 -20 0 -10 0 -50 30 5 30 0 20 2 0 -50 0 0 0 -1 10 0 0 -10 0 2 10 0 0
-0.8194310974437824: -5 20 -20 0 -10 0 -50 30 5 30 0 20 2 0 -50 0 0 0 -1 10 0 0 -10 0 2 10 0 0
-0.8207124095073356: 20 0 -20 10 -20 10 -50 20 -5 30 -5 20 5 0 0 5 0 0 0 20 0 0 -2 0 10 0 -5 1
-0.8207124095073356: 20 0 -20 10 -20 10 -50 20 -5 30 -5 20 5 0 0 5 0 0 0 20 0 0 -2 0 10 0 -5 1
-0.8209686719200462: 30 5 -20 0 -10 2 -50 30 -20 50 -5 30 10 0 0 0 -5 0 0 30 0 0 -2 10 20 5 2 -1
-0.8209686719200462: 30 5 -20 0 -10 2 -50 30 -20 50 -5 30 10 0 0 0 -5 0 0 30 0 0 -2 10 20 5 2 -1
-0.828208085079121: 20 0 -5 20 -30 10 -50 30 -20 50 -5 30 20 0 0 20 0 0 -2 30 30 0 -30 -10 -2 -10 -2 -2
-0.828208085079121: 30 -10 -5 20 -30 10 -50 30 -20 50 -5 30 20 0 0 20 0 0 -2 30 50 0 -30 -10 -2 -10 -2 -2
-0.828208085079121: 30 -10 -5 20 -30 10 -50 30 -20 50 -5 30 20 0 0 20 0 0 -2 30 50 0 -30 -10 -2 -10 -2 -2
-0.828208085079121: 30 -10 -5 20 -30 10 -50 30 -20 50 -5 30 20 0 0 20 0 0 -2 30 50 0 -30 -10 -2 -10 -2 -2
-0.828208085079121: 30 -10 -5 20 -30 10 -50 30 -20 50 -5 30 20 0 0 20 0 0 -2 30 50 0 -30 -10 -2 -10 -2 -2
-0.828208085079121: 30 -10 -5 20 -30 10 -50 30 -20 50 -5 30 20 0 0 20 0 0 -2 30 50 0 -30 -10 -2 -10 -2 -2
-0.828208085079121: 30 -10 -5 20 -30 10 -50 30 -20 50 -5 30 20 0 0 20 0 0 -2 30 50 0 -30 -10 -2 -10 -2 -2
