TrainingAccuracy: 0.732
TestAccuracy: 0.6459636580280012
infeasible
no_sol
no_sol
no_sol
-0.25396825396825395: 0 0 1 -2 0 -30 0 0 0 0 0 0 0 0 0 0 0 0 0 0 0 0 0 0 20 20 0 0
-0.39891395154553044: 0 0 0 -2 0 -30 0 0 0 2 0 0 0 0 0 0 0 0 0 0 0 0 0 0 0 50 2 -1
-0.4131161236424394: 0 0 0 -20 0 -50 0 0 0 20 0 0 0 0 0 -5 0 0 0 0 0 0 0 0 30 30 10 0
-0.5371762740183793: 0 0 0 -5 0 -30 0 0 0 10 0 0 0 0 0 0 0 0 0 0 0 0 -5 0 20 30 2 -1
-0.5371762740183793: 0 0 0 -5 0 -30 0 0 0 10 0 0 0 0 0 0 0 0 0 0 0 0 -5 0 20 30 2 -1
-0.5530492898913951: 0 0 0 0 -20 -30 -30 0 0 30 0 0 0 0 -30 0 0 0 0 0 0 0 -10 0 30 30 20 -5
-0.6248955722639933: 0 0 0 2 -20 -30 -50 0 2 20 0 0 0 0 0 -5 0 0 0 0 0 0 0 2 50 30 2 0
-0.6248955722639933: 0 0 0 2 -20 -30 -50 0 2 20 0 0 0 0 0 -5 0 0 0 0 0 0 0 2 50 30 2 0
-0.6248955722639933: 0 0 0 2 -20 -30 -50 0 2 20 0 0 0 0 0 -5 0 0 0 0 0 0 0 2 50 30 2 0
-0.6248955722639933: 0 0 0 2 -20 -30 -50 0 2 20 0 0 0 0 0 -5 0 0 0 0 0 0 0 2 50 30 2 0
-0.6248955722639933: 0 0 0 2 -20 -30 -50 0 2 20 0 0 0 0 0 -5 0 0 0 0 0 0 0 2 50 30 2 0
-0.6294903926482873: 50 -20 0 -5 -20 -20 -50 -5 20 30 -5 0 0 0 -30 0 0 0 -5 0 0 0 0 0 30 30 -5 -1
-0.6294903926482873: 50 -20 0 -5 -20 -20 -50 -5 20 30 -5 0 0 0 -30 0 0 0 -5 0 0 0 0 0 30 30 -5 -1
-0.6461988304093567: 50 -20 -10 -30 0 -50 -50 0 20 30 -2 0 0 2 -50 0 0 0 0 10 -30 -50 0 0 30 50 -2 1
-0.662907268170426: -2 -20 -2 -5 -20 -20 -50 -2 20 30 -2 0 0 0 -50 0 0 0 -10 0 0 0 2 5 30 30 -5 1
-0.662907268170426: -2 -20 -2 -5 -20 -20 -50 -2 20 30 -2 0 0 0 -50 0 0 0 -10 0 0 0 2 5 30 30 -5 1
-0.662907268170426: -2 -20 -2 -5 -20 -20 -50 -2 20 30 -2 0 0 0 -50 0 0 0 -10 0 0 0 2 5 30 30 -5 1
-0.662907268170426: -2 -20 -2 -5 -20 -20 -50 -2 20 30 -2 0 0 0 -50 0 0 0 -10 0 0 0 2 5 30 30 -5 1
-0.662907268170426: -2 -20 -2 -5 -20 -20 -50 -2 20 30 -2 0 0 0 -50 0 0 0 -10 0 0 0 2 5 30 30 -5 1
-0.662907268170426: -2 -20 -2 -5 -20 -20 -50 -2 20 30 -2 0 0 0 -50 0 0 0 -10 0 0 0 2 5 30 30 -5 1
-0.662907268170426: -2 -20 -2 -5 -20 -20 -50 -2 20 30 -2 0 0 0 -50 0 0 0 -10 0 0 0 2 5 30 30 -5 1
-0.662907268170426: -2 -20 -2 -5 -20 -20 -50 -2 20 30 -2 0 0 0 -50 0 0 0 -10 0 0 0 2 5 30 30 -5 1
-0.662907268170426: -2 -20 -2 -5 -20 -20 -50 -2 20 30 -2 0 0 0 -50 0 0 0 -10 0 0 0 2 5 30 30 -5 1
-0.662907268170426: -2 -20 -2 -5 -20 -20 -50 -2 20 30 -2 0 0 0 -50 0 0 0 -10 0 0 0 2 5 30 30 -5 1
