TrainingAccuracy: 0.876
TestAccuracy: 0.8086772090702099
infeasible
infeasible
infeasible
infeasible
infeasible
no_sol
no_sol
0.23649825783972123: 0 -50 0 0 0 -20 0 0 0 -10 0 0 0 -50 0 0 0 0 0 0 30 0 0 0 -50 0 0 0 0 0 0 0 0 0 50 0 -1
0.23649825783972123: 0 -50 0 0 0 -20 0 0 0 -10 0 0 0 -50 0 0 0 0 0 0 30 0 0 0 -50 0 0 0 0 0 0 0 0 0 50 0 -1
0.11120789779326364: 1 -2 0 0 0 0 0 -50 0 -30 -30 0 0 -50 0 0 0 0 0 0 20 0 0 0 -30 -10 0 0 0 0 0 0 0 0 20 0 0
0.007404181184668984: 1 0 0 2 0 0 0 -20 0 -30 0 0 5 -50 0 0 0 0 0 0 0 0 0 -10 -5 0 10 -2 0 0 0 0 0 0 30 0 0
0.007404181184668984: 1 0 0 2 0 0 0 -20 0 -30 0 0 5 -50 0 0 0 0 0 0 0 0 0 -10 -5 0 10 -2 0 0 0 0 0 0 30 0 0
0.007404181184668984: 1 0 0 2 0 0 0 -20 0 -30 0 0 5 -50 0 0 0 0 0 0 0 0 0 -10 -5 0 10 -2 0 0 0 0 0 0 30 0 0
-0.037674216027874546: 0 0 0 5 0 0 0 -10 10 -30 -10 0 0 -50 0 0 0 2 0 2 0 0 0 -20 -20 -2 0 0 20 0 0 0 0 0 30 0 1
-0.037674216027874546: 0 0 0 5 0 0 0 -10 10 -30 -10 0 0 -50 0 0 0 2 0 2 0 0 0 -20 -20 -2 0 0 20 0 0 0 0 0 30 0 1
-0.04079558652729384: 0 0 0 5 0 0 0 -10 10 -30 -10 0 2 -50 0 -2 0 2 0 0 0 0 0 -20 -20 -2 0 0 20 0 0 0 0 0 30 2 1
-0.04079558652729384: 0 0 0 5 0 0 0 -10 10 -30 -10 0 2 -50 0 -2 0 2 0 0 0 0 0 -20 -20 -2 0 0 20 0 0 0 0 0 30 2 1
-0.05313588850174217: 0 0 10 10 0 0 0 -10 10 -30 -20 -5 20 -50 0 0 0 0 -2 0 0 0 -10 -20 -30 -2 5 -2 20 0 0 0 0 0 30 0 0
-0.06547619047619047: -2 0 10 10 2 0 0 -10 20 -30 -10 -5 10 -50 0 0 0 0 -2 0 0 -2 0 -20 -20 0 5 -2 20 0 0 0 0 0 30 0 0
-0.06547619047619047: -2 0 10 10 2 0 0 -10 20 -30 -10 -5 10 -50 0 0 0 0 -2 0 0 -2 0 -20 -20 0 5 -2 20 0 0 0 0 0 30 0 0
-0.06547619047619047: -2 0 10 10 2 0 0 -10 20 -30 -10 -5 10 -50 0 0 0 0 -2 0 0 -2 0 -20 -20 0 5 -2 20 0 0 0 0 0 30 0 0
-0.07142857142857142: 1 -10 0 2 -10 0 0 -10 20 -30 -10 0 30 -50 10 0 0 5 0 2 0 0 -30 -20 -30 0 0 -2 20 0 0 -2 0 10 30 5 0
-0.07142857142857142: 1 -10 0 2 -10 0 0 -10 20 -30 -10 0 30 -50 10 0 0 5 0 2 0 0 -30 -20 -30 0 0 -2 20 0 0 -2 0 10 30 5 0
-0.07142857142857142: 1 -10 0 2 -10 0 0 -10 20 -30 -10 0 30 -50 10 0 0 5 0 2 0 0 -30 -20 -30 0 0 -2 20 0 0 -2 0 10 30 5 0
-0.07767131242740999: 5 -20 -5 0 -2 0 0 -30 0 -30 -10 2 30 -50 -5 -30 0 0 -5 0 0 -10 -30 -20 -20 5 20 -5 30 0 0 0 0 5 50 -5 -1
-0.08391405342624858: 30 -20 0 2 0 0 0 -30 20 -30 -10 0 30 -50 -5 -30 0 0 -5 0 0 -10 -30 -10 -50 -30 -20 -2 30 0 5 0 5 10 50 -2 1
-0.08391405342624858: 30 -20 0 2 0 0 0 -30 20 -30 -10 0 30 -50 -5 -30 0 0 -5 0 0 -10 -30 -10 -50 -30 -20 -2 30 0 5 0 5 10 50 -2 1
-0.08674506387921024: 0 -30 -2 2 -2 -5 -5 -50 5 -20 -10 10 50 -50 0 -30 0 2 0 0 0 -5 -30 -30 -10 2 20 -5 30 0 0 -10 0 20 50 -5 -1
-0.08674506387921024: 0 -30 -2 2 -2 -5 -5 -50 5 -20 -10 10 50 -50 0 -30 0 2 0 0 0 -5 -30 -30 -10 2 20 -5 30 0 0 -10 0 20 50 -5 -1
-0.08986643437862951: 20 -30 0 2 0 -5 -5 -50 5 -20 -10 10 50 -50 0 -30 0 2 0 0 10 0 -20 -20 -30 -20 0 -5 30 -10 2 -20 0 20 50 -5 -1
-0.08986643437862951: 20 -30 0 2 0 -5 -5 -50 5 -20 -10 10 50 -50 0 -30 0 2 0 0 10 0 -20 -20 -30 -20 0 -5 30 -10 2 -20 0 20 50 -5 -1
-0.08986643437862951: 20 -30 0 2 0 -5 -5 -50 5 -20 -10 10 50 -50 0 -30 0 2 0 0 10 0 -20 -20 -30 -20 0 -5 30 -10 2 -20 0 20 50 -5 -1
-0.08986643437862951: 20 -30 0 2 0 -5 -5 -50 5 -20 -10 10 50 -50 0 -30 0 2 0 0 10 0 -20 -20 -30 -20 0 -5 30 -10 2 -20 0 20 50 -5 -1
-0.08986643437862951: 20 -30 0 2 0 -5 -5 -50 5 -20 -10 10 50 -50 0 -30 0 2 0 0 10 0 -20 -20 -30 -20 0 -5 30 -10 2 -20 0 20 50 -5 -1
-0.08986643437862951: 20 -30 0 2 0 -5 -5 -50 5 -20 -10 10 50 -50 0 -30 0 2 0 0 10 0 -20 -20 -30 -20 0 -5 30 -10 2 -20 0 20 50 -5 -1
-0.08986643437862951: 20 -30 0 2 0 -5 -5 -50 5 -20 -10 10 50 -50 0 -30 0 2 0 0 10 0 -20 -20 -30 -20 0 -5 30 -10 2 -20 0 20 50 -5 -1
-0.08986643437862951: 20 -30 0 2 0 -5 -5 -50 5 -20 -10 10 50 -50 0 -30 0 2 0 0 10 0 -20 -20 -30 -20 0 -5 30 -10 2 -20 0 20 50 -5 -1
