TrainingAccuracy: 0.848
TestAccuracy: 0.7956318252730109
no_sol
no_sol
no_sol
no_sol
no_sol
no_sol
no_sol
0.0019260400616332718: 0 0 0 10 0 -1 0 -1 30 0 0 0 20 0 0 -10 0 0 -10 0 0 -30
0.0019260400616332718: -2 -2 0 1 0 0 0 0 50 0 0 0 10 0 -5 -2 0 0 -2 0 0 -50
0.0019260400616332718: -2 -2 0 1 0 0 0 0 50 0 0 0 10 0 -5 -2 0 0 -2 0 0 -50
0.0019260400616332718: -2 -2 0 1 0 0 0 0 50 0 0 0 10 0 -5 -2 0 0 -2 0 0 -50
0.0019260400616332718: -2 -2 0 1 0 0 0 0 50 0 0 0 10 0 -5 -2 0 0 -2 0 0 -50
0.0019260400616332718: -2 -2 0 1 0 0 0 0 50 0 0 0 10 0 -5 -2 0 0 -2 0 0 -50
0.0019260400616332718: -2 -2 0 1 0 0 0 0 50 0 0 0 10 0 -5 -2 0 0 -2 0 0 -50
0.0019260400616332718: -2 -2 0 1 0 0 0 0 50 0 0 0 10 0 -5 -2 0 0 -2 0 0 -50
-0.008859784283513084: -10 -10 0 0 -2 -5 0 0 10 -2 5 -2 20 20 -2 -10 2 -20 -10 0 0 -2
-0.008859784283513084: -10 -10 0 0 -2 -5 0 0 10 -2 5 -2 20 20 -2 -10 2 -20 -10 0 0 -2
-0.008859784283513084: -10 -10 0 0 -2 -5 0 0 10 -2 5 -2 20 20 -2 -10 2 -20 -10 0 0 -2
-0.008859784283513084: -10 -10 0 0 -2 -5 0 0 10 -2 5 -2 20 20 -2 -10 2 -20 -10 0 0 -2
-0.008859784283513084: -10 -10 0 0 -2 -5 0 0 10 -2 5 -2 20 20 -2 -10 2 -20 -10 0 0 -2
-0.008859784283513084: -10 -10 0 0 -2 -5 0 0 10 -2 5 -2 20 20 -2 -10 2 -20 -10 0 0 -2
-0.008859784283513084: -10 -10 0 0 -2 -5 0 0 10 -2 5 -2 20 20 -2 -10 2 -20 -10 0 0 -2
