TrainingAccuracy: 0.708
TestAccuracy: 0.647899910634495
infeasible
infeasible
infeasible
infeasible
infeasible
infeasible
infeasible
infeasible
no_sol
no_sol
no_sol
no_sol
no_sol
-0.3493497341277468: 0 30 0 0 -2 -2 0 -2 -2 5 0 30 5 0 0 -50 0 0 0 30 -5 0 0 30 50 5 0 0
-0.35348196553270544: 0 30 1 0 -2 -2 0 -2 -2 5 0 20 5 0 0 0 0 0 0 30 -5 2 -50 -5 0 5 0 0
-0.35348196553270544: 0 30 1 0 -2 -2 0 -2 -2 5 0 20 5 0 0 0 0 0 0 30 -5 2 -50 -5 0 5 0 0
-0.5495227112563265: 0 -2 0 2 -10 5 -30 10 -2 5 0 0 5 0 -10 0 -10 0 0 20 20 0 0 0 5 10 0 1
-0.5789288231148696: 0 0 -30 20 -30 -10 -50 30 5 20 0 0 2 0 -50 -1 10 0 -20 0 0 0 -2 5 20 -10 0 30
-0.5789288231148696: 0 0 -30 20 -30 -10 -50 30 5 20 0 0 2 0 -50 -1 10 0 -20 0 0 0 -2 5 20 -10 0 30
-0.5869370235120763: 0 10 -30 20 -30 -10 -50 30 5 20 0 0 2 0 -50 -1 20 0 -20 -5 0 0 -2 5 20 -10 0 30
-0.6442757383560767: 30 0 -10 0 -20 -2 -50 20 -10 20 2 20 10 0 -30 -2 0 0 30 50 10 0 -20 -2 0 5 -5 -2
-0.6447882631814978: 50 30 -20 10 -30 5 -50 0 -20 30 0 50 5 0 -50 -1 0 0 0 20 -50 20 -20 2 2 20 2 30
-0.6517714139278622: 50 0 -20 -10 -20 -20 -50 20 -20 20 -5 30 0 0 -50 1 10 0 -2 20 -30 0 -20 2 5 10 -5 50
-0.6535652508168365: 50 30 -20 10 -30 5 -50 0 -20 30 -2 50 10 0 -50 1 0 0 -2 10 -50 30 -20 2 10 10 2 30
-0.6535652508168365: 50 20 -20 10 -30 5 -50 0 -20 30 -2 50 10 0 -50 1 10 0 -2 10 -50 30 -20 2 10 10 2 30
-0.6600358767377795: 30 5 -20 5 -30 -2 -50 10 -10 2 -20 10 -5 -5 -50 -1 2 0 0 10 -30 50 -10 2 5 2 -5 50
-0.6600358767377795: 30 5 -20 5 -30 -2 -50 10 -10 2 -20 10 -5 -5 -50 -1 2 0 0 10 -30 50 -10 2 5 2 -5 50
-0.6600358767377795: 30 5 -20 5 -30 -2 -50 10 -10 2 -20 10 -5 -5 -50 -1 2 0 0 10 -30 50 -10 2 5 2 -5 50
