TrainingAccuracy: 0.87
TestAccuracy: 0.812295312061383
infeasible
no_sol
no_sol
no_sol
no_sol
no_sol
no_sol
no_sol
no_sol
0.423076923076923: 0 0 0 0 0 0 0 0 0 -30 0 0 0 -50 10 0 0 0 0 0 0 -20 0 -20 0 0 10 0 -2 0 0 -30 0 0 30 0 1
0.405982905982906: 0 0 0 0 0 0 0 0 0 -30 0 0 0 -50 10 0 0 0 0 -50 0 -20 0 -20 0 0 10 0 -2 0 0 -50 0 0 30 0 1
0.13247863247863245: 0 0 0 5 -10 10 0 0 0 -20 0 0 0 -50 0 5 0 0 5 0 2 -50 0 -30 0 0 0 0 0 0 0 -50 0 0 50 0 0
0.07264957264957261: 0 0 0 10 0 10 -10 0 0 -20 0 0 0 -50 0 5 0 0 5 -50 -2 -30 0 -30 0 0 0 0 0 0 0 -20 0 0 50 0 0
0.0641025641025641: 0 0 0 10 0 10 -10 0 0 -20 0 0 0 -50 0 5 0 0 5 -50 -2 -30 -50 -30 0 0 0 0 0 0 0 -20 0 0 50 0 0
0.0641025641025641: 0 0 0 10 0 10 -10 0 0 -20 0 0 0 -50 0 5 0 0 5 -50 -2 -30 -50 -30 0 0 0 0 0 0 0 -20 0 0 50 0 0
0.038461538461538436: 0 0 0 10 0 10 -10 -50 0 -20 0 0 0 -50 0 5 0 0 5 -50 -2 -30 -50 -30 0 0 0 0 0 0 0 -20 0 0 50 0 0
-0.31196581196581197: -1 0 5 2 0 0 -5 2 0 -10 0 0 5 -10 2 5 0 0 0 -50 20 0 0 0 0 0 0 0 10 0 0 -10 0 0 20 5 -20
-0.36752136752136755: 1 0 5 0 0 0 -5 5 0 -20 -10 -2 0 -30 5 0 0 5 0 0 0 -30 -30 -30 0 0 0 0 20 0 10 -20 0 0 30 10 0
-0.3846153846153846: 1 0 5 0 0 0 -5 5 0 -20 -10 -2 0 -30 2 0 0 5 0 -50 0 -30 -50 -30 0 0 0 0 20 0 10 -20 0 0 30 10 0
-0.3846153846153846: 1 0 5 0 0 0 -5 5 0 -20 -10 -2 0 -30 2 0 0 5 0 -50 0 -30 -50 -30 0 0 0 0 20 0 10 -20 0 0 30 10 0
-0.3846153846153846: 1 0 5 0 0 0 -5 5 0 -20 -10 -2 0 -30 2 0 0 5 0 -50 0 -30 -50 -30 0 0 0 0 20 0 10 -20 0 0 30 10 0
-0.3846153846153846: 1 0 5 0 0 0 -5 5 0 -20 -10 -2 0 -30 2 0 0 5 0 -50 0 -30 -50 -30 0 0 0 0 20 0 10 -20 0 0 30 10 0
-0.3846153846153846: 1 0 5 0 0 0 -5 5 0 -20 -10 -2 0 -30 2 0 0 5 0 -50 0 -30 -50 -30 0 0 0 0 20 0 10 -20 0 0 30 10 0
-0.4017094017094017: 0 -5 5 0 -20 0 0 5 5 -10 0 0 5 -10 0 0 0 -2 2 -50 0 -20 -50 -30 0 0 2 -2 10 2 5 -20 0 0 30 0 -1
-0.4017094017094017: 0 -5 5 0 -20 0 0 5 5 -10 0 0 5 -10 0 0 0 -2 2 -50 0 -20 -50 -30 0 0 2 -2 10 2 5 -20 0 0 30 0 -1
-0.4017094017094017: 0 -5 5 0 -20 0 0 5 5 -10 0 0 5 -10 0 0 0 -2 2 -50 0 -20 -50 -30 0 0 2 -2 10 2 5 -20 0 0 30 0 -1
-0.4017094017094017: 0 -5 5 0 -20 0 0 5 5 -10 0 0 5 -10 0 0 0 -2 2 -50 0 -20 -50 -30 0 0 2 -2 10 2 5 -20 0 0 30 0 -1
-0.4017094017094017: 0 -5 5 0 -20 0 0 5 5 -10 0 0 5 -10 0 0 0 -2 2 -50 0 -20 -50 -30 0 0 2 -2 10 2 5 -20 0 0 30 0 -1
-0.4017094017094017: 0 -5 5 0 -20 0 0 5 5 -10 0 0 5 -10 0 0 0 -2 2 -50 0 -20 -50 -30 0 0 2 -2 10 2 5 -20 0 0 30 0 -1
-0.41025641025641024: -5 -10 2 5 0 0 -2 0 0 -20 -5 -2 0 -30 -1 5 0 0 2 -50 30 0 0 -10 0 0 10 -20 -1 -1 10 -20 -5 0 30 10 0
-0.41880341880341876: -5 -10 2 5 0 0 -2 -50 10 -20 -5 -2 2 -30 -1 5 0 0 2 -50 30 0 0 -10 0 0 10 -20 -1 -1 10 -20 -5 0 30 10 0
-0.41880341880341876: -5 -10 2 5 0 0 -2 -50 10 -20 -5 -2 2 -30 -1 5 0 0 2 -50 30 0 0 -10 0 0 10 -20 -1 -1 10 -20 -5 0 30 10 0
-0.41880341880341876: -5 -10 2 5 0 0 -2 -50 10 -20 -5 -2 2 -30 -1 5 0 0 2 -50 30 0 0 -10 0 0 10 -20 -1 -1 10 -20 -5 0 30 10 0
-0.41880341880341876: -5 -10 2 5 0 0 -2 -50 10 -20 -5 -2 2 -30 -1 5 0 0 2 -50 30 0 0 -10 0 0 10 -20 -1 -1 10 -20 -5 0 30 10 0
-0.41880341880341876: -5 -10 2 5 0 0 -2 -50 10 -20 -5 -2 2 -30 -1 5 0 0 2 -50 30 0 0 -10 0 0 10 -20 -1 -1 10 -20 -5 0 30 10 0
-0.41880341880341876: -5 -10 2 5 0 0 -2 -50 10 -20 -5 -2 2 -30 -1 5 0 0 2 -50 30 0 0 -10 0 0 10 -20 -1 -1 10 -20 -5 0 30 10 0
-0.41880341880341876: -5 -10 2 5 0 0 -2 -50 10 -20 -5 -2 2 -30 -1 5 0 0 2 -50 30 0 0 -10 0 0 10 -20 -1 -1 10 -20 -5 0 30 10 0
