TrainingAccuracy: 0.884
TestAccuracy: 0.805776488568666
infeasible
infeasible
infeasible
infeasible
infeasible
infeasible
infeasible
-0.3024902125529595: 0 0 0 2 0 0 0 0 0 -30 0 0 0 -50 0 0 0 0 0 0 2 0 0 0 0 0 0 0 -5 0 0 -30 0 0 30 0 -1
-0.3957703927492447: 1 0 0 5 0 5 0 0 0 -10 0 0 0 -50 0 0 0 0 0 0 0 0 0 -10 0 0 0 0 -30 0 0 -10 0 0 20 0 0
-0.40181268882175225: 0 0 0 20 0 10 0 0 0 -30 0 0 0 -50 0 0 0 0 0 0 0 0 0 -30 0 0 0 0 -50 0 10 -30 0 0 30 0 1
-0.4259818731117825: 0 0 0 20 0 10 0 0 0 -30 0 0 0 -50 0 0 0 0 0 0 0 -20 0 -20 0 0 0 0 -50 0 0 -30 0 0 50 50 1
-0.44108761329305135: 5 0 0 10 0 10 20 0 0 -20 0 0 0 -30 0 0 0 0 0 0 0 -30 0 -30 0 0 0 0 -50 0 0 -30 0 0 20 30 0
-0.4561933534743202: 0 0 0 10 0 0 5 -10 0 -5 0 10 0 -30 0 0 0 0 0 -20 0 0 0 -20 0 0 0 0 -50 0 0 -20 0 0 20 20 2
-0.4561933534743202: 0 0 0 10 0 0 5 -10 0 -5 0 10 0 -30 0 0 0 0 0 -20 0 0 0 -20 0 0 0 0 -50 0 0 -20 0 0 20 20 2
-0.4743202416918429: 2 0 0 10 0 20 30 0 0 -20 0 0 0 -50 0 0 0 0 0 -30 0 -30 0 -30 0 -10 0 0 -50 0 0 -50 0 0 30 30 -1
-0.4743202416918429: 2 0 0 10 0 20 30 0 0 -20 0 0 0 -50 0 0 0 0 0 -30 0 -30 0 -30 0 -10 0 0 -50 0 0 -50 0 0 30 30 -1
-0.4773413897280967: 1 0 0 0 -2 5 20 0 0 -10 0 0 5 -30 0 0 0 5 5 0 0 -30 0 -30 -2 0 0 0 -50 0 0 -30 0 -5 30 20 0
-0.4773413897280967: 1 0 0 0 -2 5 20 0 0 -10 0 0 5 -30 0 0 0 5 5 0 0 -30 0 -30 -2 0 0 0 -50 0 0 -30 0 -5 30 20 0
-0.4984894259818731: 0 0 10 5 0 20 20 0 0 -20 0 0 0 -50 0 -2 0 0 0 -30 -1 -20 0 -30 0 -5 5 0 -50 0 0 -30 2 -20 30 30 0
-0.4984894259818731: 0 0 10 5 0 20 20 0 0 -20 0 0 0 -50 0 -2 0 0 0 -30 -1 -20 0 -30 0 -5 5 0 -50 0 0 -30 2 -20 30 30 0
-0.4984894259818731: 0 0 10 5 0 20 20 0 0 -20 0 0 0 -50 0 -2 0 0 0 -30 -1 -20 0 -30 0 -5 5 0 -50 0 0 -30 2 -20 30 30 0
-0.4984894259818731: 0 0 10 5 0 20 20 0 0 -20 0 0 0 -50 0 -2 0 0 0 -30 -1 -20 0 -30 0 -5 5 0 -50 0 0 -30 2 -20 30 30 0
-0.5045317220543807: 30 0 5 10 20 5 10 -10 0 -10 0 0 0 -50 10 0 0 2 5 -20 20 0 20 0 0 0 5 -1 -50 0 0 -20 0 -10 20 50 -50
-0.5045317220543807: 30 0 5 10 20 5 10 -10 0 -10 0 0 0 -50 10 0 0 2 5 -20 20 0 20 0 0 0 5 -1 -50 0 0 -20 0 -10 20 50 -50
-0.5045317220543807: 30 0 5 10 20 5 10 -10 0 -10 0 0 0 -50 10 0 0 2 5 -20 20 0 20 0 0 0 5 -1 -50 0 0 -20 0 -10 20 50 -50
-0.5045317220543807: 30 0 5 10 20 5 10 -10 0 -10 0 0 0 -50 10 0 0 2 5 -20 20 0 20 0 0 0 5 -1 -50 0 0 -20 0 -10 20 50 -50
-0.5045317220543807: 30 0 5 10 20 5 10 -10 0 -10 0 0 0 -50 10 0 0 2 5 -20 20 0 20 0 0 0 5 -1 -50 0 0 -20 0 -10 20 50 -50
-0.5045317220543807: 30 0 5 10 20 5 10 -10 0 -10 0 0 0 -50 10 0 0 2 5 -20 20 0 20 0 0 0 5 -1 -50 0 0 -20 0 -10 20 50 -50
-0.5045317220543807: 30 0 5 10 20 5 10 -10 0 -10 0 0 0 -50 10 0 0 2 5 -20 20 0 20 0 0 0 5 -1 -50 0 0 -20 0 -10 20 50 -50
-0.5166163141993958: 30 -20 2 5 -20 -10 0 0 0 2 0 0 20 -30 20 -20 0 5 2 -50 -5 -50 0 -30 -10 -10 -2 50 -50 -1 -10 -50 5 -2 30 30 -50
-0.5166163141993958: 30 -20 2 5 -20 -10 0 0 0 2 0 0 20 -30 20 -20 0 5 2 -50 -5 -50 0 -30 -10 -10 -2 50 -50 -1 -10 -50 5 -2 30 30 -50
-0.5166163141993958: 30 -20 2 5 -20 -10 0 0 0 2 0 0 20 -30 20 -20 0 5 2 -50 -5 -50 0 -30 -10 -10 -2 50 -50 -1 -10 -50 5 -2 30 30 -50
-0.5166163141993958: 30 -20 2 5 -20 -10 0 0 0 2 0 0 20 -30 20 -20 0 5 2 -50 -5 -50 0 -30 -10 -10 -2 50 -50 -1 -10 -50 5 -2 30 30 -50
-0.5166163141993958: 30 -20 2 5 -20 -10 0 0 0 2 0 0 20 -30 20 -20 0 5 2 -50 -5 -50 0 -30 -10 -10 -2 50 -50 -1 -10 -50 5 -2 30 30 -50
-0.5166163141993958: 30 -20 2 5 -20 -10 0 0 0 2 0 0 20 -30 20 -20 0 5 2 -50 -5 -50 0 -30 -10 -10 -2 50 -50 -1 -10 -50 5 -2 30 30 -50
-0.5166163141993958: 30 -20 2 5 -20 -10 0 0 0 2 0 0 20 -30 20 -20 0 5 2 -50 -5 -50 0 -30 -10 -10 -2 50 -50 -1 -10 -50 5 -2 30 30 -50
-0.5166163141993958: 30 -20 2 5 -20 -10 0 0 0 2 0 0 20 -30 20 -20 0 5 2 -50 -5 -50 0 -30 -10 -10 -2 50 -50 -1 -10 -50 5 -2 30 30 -50
