TrainingAccuracy: 0.71
TestAccuracy: 0.6589216562406911
infeasible
no_sol
no_sol
no_sol
no_sol
no_sol
no_sol
no_sol
no_sol
no_sol
no_sol
no_sol
no_sol
-0.01259481894947767: 0 30 -5 30 -10 -10 0 0 5 10 30 0 50 0 0 -2 0 0 -50 0 0 0 0 5 30 30 0 0
-0.3772005152425934: 0 30 1 0 -2 -2 0 -2 -2 5 0 20 5 0 0 0 0 0 0 30 -5 2 -50 -5 0 5 0 0
-0.3772005152425934: 0 30 1 0 -2 -2 0 -2 -2 5 0 20 5 0 0 0 0 0 0 30 -5 2 -50 -5 0 5 0 0
-0.5551023329039645: 0 -2 0 2 -10 5 -30 10 -2 5 0 0 5 0 -10 0 -10 0 0 20 20 0 0 0 5 10 0 1
-0.5551023329039645: 0 -2 0 2 -10 5 -30 10 -2 5 0 0 5 0 -10 0 -10 0 0 20 20 0 0 0 5 10 0 1
-0.5551023329039645: 0 -2 0 2 -10 5 -30 10 -2 5 0 0 5 0 -10 0 -10 0 0 20 20 0 0 0 5 10 0 1
-0.5551023329039645: 0 -2 0 2 -10 5 -30 10 -2 5 0 0 5 0 -10 0 -10 0 0 20 20 0 0 0 5 10 0 1
-0.5738514383855733: 30 0 -10 0 -20 -2 -50 20 -10 20 2 20 10 0 -30 -2 0 0 30 50 10 0 -20 -2 0 5 -5 -2
-0.5738514383855733: 30 0 -10 0 -20 -2 -50 20 -10 20 2 20 10 0 -30 -2 0 0 30 50 10 0 -20 -2 0 5 -5 -2
-0.5934592815228281: 50 0 -20 -10 -20 -20 -50 20 -20 20 -5 30 0 0 -50 1 10 0 -2 20 -30 0 -20 2 5 10 -5 50
-0.5934592815228281: 50 0 -20 -10 -20 -20 -50 20 -20 20 -5 30 0 0 -50 1 10 0 -2 20 -30 0 -20 2 5 10 -5 50
-0.5934592815228281: 50 0 -20 -10 -20 -20 -50 20 -20 20 -5 30 0 0 -50 1 10 0 -2 20 -30 0 -20 2 5 10 -5 50
-0.6007585515958209: 30 5 -20 5 -30 -2 -50 10 -10 2 -20 10 -5 -5 -50 -1 2 0 0 10 -30 50 -10 2 5 2 -5 50
-0.6007585515958209: 30 5 -20 5 -30 -2 -50 10 -10 2 -20 10 -5 -5 -50 -1 2 0 0 10 -30 50 -10 2 5 2 -5 50
-0.6007585515958209: 30 5 -20 5 -30 -2 -50 10 -10 2 -20 10 -5 -5 -50 -1 2 0 0 10 -30 50 -10 2 5 2 -5 50
