TrainingAccuracy: 0.706
TestAccuracy: 0.648942508191838
infeasible
infeasible
infeasible
infeasible
infeasible
infeasible
infeasible
no_sol
no_sol
no_sol
no_sol
no_sol
no_sol
0.08193990646421939: 0 30 -5 30 -10 -10 0 0 5 10 30 0 50 0 0 -2 0 0 -50 0 0 0 0 5 30 30 0 0
0.07418796847972325: 0 30 -5 30 -10 -10 0 0 5 10 30 0 50 0 20 -2 0 0 -50 0 0 0 0 5 30 30 0 0
0.04036133000192199: 30 0 -2 0 0 -50 -5 2 30 -2 30 0 50 0 0 -30 0 0 1 10 -20 0 -30 0 50 5 0 0
0.034403228906400185: 0 30 -10 0 0 -50 -30 20 30 -30 10 0 30 0 -20 -2 50 0 0 5 -20 0 -30 0 50 20 0 0
0.009353578063937495: 50 10 -10 0 0 -50 -30 20 30 -30 10 0 30 0 -50 -2 50 0 0 20 -20 0 -30 0 50 20 0 0
0.00032032801588827153: 50 5 -20 0 0 -50 -30 5 30 -30 20 0 30 0 -50 -2 50 0 0 30 -30 0 -30 0 50 30 -10 0
-0.030174899096675034: 0 30 -50 0 -20 -20 -30 2 -10 -30 0 10 5 0 -50 -1 20 0 0 50 -10 0 -10 0 20 20 -2 50
-0.051893138573899655: 30 20 -30 -5 -10 -20 -30 2 10 -30 5 0 0 0 -50 0 30 0 30 50 0 0 -20 2 10 30 -2 -1
-0.05990133897110639: 30 20 -30 -5 -10 -20 -30 2 10 -30 5 10 0 0 -50 0 20 0 30 50 0 0 -20 2 10 30 -2 -1
-0.05990133897110639: 30 20 -30 -5 -10 -20 -30 2 10 -30 5 20 0 0 -50 -1 30 0 30 50 -2 0 -20 2 10 30 -2 0
-0.05990133897110639: 30 20 -30 -5 -10 -20 -30 2 10 -30 5 20 0 0 -50 -1 30 0 30 50 -2 0 -20 2 10 30 -2 0
-0.05990133897110639: 30 20 -30 -5 -10 -20 -30 2 10 -30 5 20 0 0 -50 -1 30 0 30 50 -2 0 -20 2 10 30 -2 0
-0.05990133897110639: 30 20 -30 -5 -10 -20 -30 2 10 -30 5 20 0 0 -50 -1 30 0 30 50 -2 0 -20 2 10 30 -2 0
-0.05990133897110639: 30 20 -30 -5 -10 -20 -30 2 10 -30 5 20 0 0 -50 -1 30 0 30 50 -2 0 -20 2 10 30 -2 0
-0.05990133897110639: 30 20 -30 -5 -10 -20 -30 2 10 -30 5 20 0 0 -50 -1 30 0 30 50 -2 0 -20 2 10 30 -2 0
