TrainingAccuracy: 0.74
TestAccuracy: 0.6246648793565683
no_sol
no_sol
no_sol
no_sol
0.04821789274776822: 0 50 0 0 0 0 0 0 -30 0 0 0 0 0 0 0 0 0 -5 0 0 0 0 30 50 0 0 0
-0.04945591972372454: 0 50 0 0 0 0 0 -20 -30 0 30 0 0 0 0 0 0 0 0 0 0 0 0 0 50 0 0 -5
-0.14198214634782047: 0 0 2 0 0 0 0 0 -2 -20 0 0 0 0 0 0 0 0 0 50 0 0 0 0 30 0 -20 1
-0.14198214634782047: 0 0 2 0 0 0 0 0 -2 -20 0 0 0 0 0 0 0 0 0 50 0 0 0 0 30 0 -20 1
-0.18537824982081186: 0 20 0 0 0 -2 0 0 0 0 30 0 0 0 0 0 0 0 0 50 0 0 -30 -2 0 5 -10 1
-0.23919984361764524: 0 30 0 0 0 -2 0 0 0 0 30 0 0 0 30 0 0 0 -30 0 0 0 0 10 30 2 -2 1
-0.23919984361764524: 0 30 0 0 0 -2 0 0 0 0 30 0 0 0 30 0 0 0 -30 0 0 0 0 10 30 2 -2 1
-0.25561999087769605: 30 30 0 0 0 -5 0 0 0 -50 0 0 -30 -50 0 0 0 0 0 30 0 0 0 30 50 5 -10 1
-0.29960252818140354: 50 30 0 0 0 -2 0 -30 0 0 50 0 5 0 50 0 0 0 0 20 0 0 -50 -5 0 2 -5 1
-0.3048804326578485: 30 20 0 0 0 -10 0 -5 -5 0 30 0 0 0 50 -2 0 0 -20 0 0 0 -30 -5 0 10 -10 30
-0.3063139375773767: 0 20 0 0 0 -5 0 -2 -2 0 50 0 0 0 50 -2 0 0 0 50 0 0 -50 -2 0 5 -10 5
-0.3115918420538216: 50 30 0 0 0 -5 0 -30 -2 0 50 0 20 0 50 5 20 0 -2 10 0 0 -50 -2 0 5 -10 0
-0.3213005799178993: 50 30 0 0 0 -5 0 -30 -2 0 50 0 20 50 50 5 20 0 -2 10 0 0 -50 -2 0 5 -10 0
-0.3213005799178993: 50 30 0 0 0 -5 0 -30 -2 0 50 0 20 50 50 5 20 0 -2 10 0 0 -50 -2 0 5 -10 0
-0.3213005799178993: 50 30 0 0 0 -5 0 -30 -2 0 50 0 20 50 50 5 20 0 -2 10 0 0 -50 -2 0 5 -10 0
-0.3213005799178993: 50 30 0 0 0 -5 0 -30 -2 0 50 0 20 50 50 5 20 0 -2 10 0 0 -50 -2 0 5 -10 0
-0.3213005799178993: 50 30 0 0 0 -5 0 -30 -2 0 50 0 20 50 50 5 20 0 -2 10 0 0 -50 -2 0 5 -10 0
-0.3213005799178993: 50 30 0 0 0 -5 0 -30 -2 0 50 0 20 50 50 5 20 0 -2 10 0 0 -50 -2 0 5 -10 0
-0.3213005799178993: 50 30 0 0 0 -5 0 -30 -2 0 50 0 20 50 50 5 20 0 -2 10 0 0 -50 -2 0 5 -10 0
-0.3213005799178993: 50 30 0 0 0 -5 0 -30 -2 0 50 0 20 50 50 5 20 0 -2 10 0 0 -50 -2 0 5 -10 0
-0.3213005799178993: 50 30 0 0 0 -5 0 -30 -2 0 50 0 20 50 50 5 20 0 -2 10 0 0 -50 -2 0 5 -10 0
-0.3213005799178993: 50 30 0 0 0 -5 0 -30 -2 0 50 0 20 50 50 5 20 0 -2 10 0 0 -50 -2 0 5 -10 0
-0.3213005799178993: 50 30 0 0 0 -5 0 -30 -2 0 50 0 20 50 50 5 20 0 -2 10 0 0 -50 -2 0 5 -10 0
-0.3213005799178993: 50 30 0 0 0 -5 0 -30 -2 0 50 0 20 50 50 5 20 0 -2 10 0 0 -50 -2 0 5 -10 0
