TrainingAccuracy: 0.826
TestAccuracy: 0.7834226412534763
infeasible
infeasible
infeasible
no_sol
0.012183692596063722: 0 0 0 0 0 0 0 0 2 30 0 20 0 20 0 0 0 0 0 0 0 -50
-0.004998437988128712: 0 0 0 0 0 0 0 0 30 2 0 20 0 20 0 0 -10 0 0 0 0 -50
-0.07602887255627354: 0 0 0 0 0 1 0 -1 50 0 0 20 0 2 0 0 0 0 0 0 -2 -50
-0.09995231753235008: 0 0 0 0 0 2 0 -2 50 20 0 20 20 0 0 0 0 0 0 0 -30 -50
-0.10965323336457358: 0 0 0 0 0 5 0 -1 50 50 0 20 0 0 0 0 -50 20 0 0 -50 -50
-0.15136717144313455: 0 0 0 0 0 0 0 -30 5 50 0 0 0 30 2 5 -20 0 0 -10 -30 -1
-0.162284812311942: 0 0 0 0 0 5 0 -2 30 50 0 0 0 50 30 0 -30 0 0 -20 -50 -30
-0.1800753054144264: 0 0 0 20 0 1 0 -2 50 30 0 0 0 50 30 0 -50 10 0 -5 -50 -50
-0.18755652016639535: 0 0 0 20 0 5 0 -2 50 30 5 0 0 50 30 0 -50 10 0 -5 -50 -50
-0.1936894720399875: 0 -20 0 0 0 1 0 -5 30 30 10 20 0 30 30 0 -30 20 0 -20 -50 -30
-0.1936894720399875: 0 20 0 20 0 10 0 -2 50 30 5 0 -20 50 30 0 -50 0 5 -5 -50 -50
-0.1936894720399875: 0 20 0 20 0 10 0 -2 50 30 5 0 -20 50 30 0 -50 0 5 -5 -50 -50
-0.1936894720399875: 0 20 0 20 0 10 0 -2 50 30 5 0 -20 50 30 0 -50 0 5 -5 -50 -50
-0.20043078643187162: -20 0 -50 0 0 2 0 -20 20 50 5 0 -10 50 10 0 -50 20 -2 -5 -50 -1
-0.20043078643187162: -20 0 -50 0 0 2 0 -20 20 50 5 0 -10 50 10 0 -50 20 -2 -5 -50 -1
-0.20043078643187162: -20 0 -50 0 0 2 0 -20 20 50 5 0 -10 50 10 0 -50 20 -2 -5 -50 -1
-0.21269669017905588: 0 30 -50 -2 -5 10 0 1 30 50 2 -5 -20 50 30 0 -30 2 0 -20 -50 -30
-0.21269669017905588: 0 30 -50 -2 -5 10 0 1 30 50 2 -5 -20 50 30 0 -30 2 0 -20 -50 -30
