TrainingAccuracy: 0.862
TestAccuracy: 0.7887811164620497
infeasible
infeasible
infeasible
infeasible
infeasible
no_sol
no_sol
0.045705279747832894: 0 0 0 0 -50 0 0 -30 30 30 0 -30 0 20 0 -30 0 0 0 0 0 -1
0.027186761229314405: 0 0 0 0 -10 0 0 -10 5 10 0 -10 0 10 0 -5 0 -5 0 0 0 -1
-0.1800630417651694: 0 0 0 0 -20 0 0 -20 50 20 0 -30 0 0 0 -20 10 0 -10 0 -30 -1
-0.1800630417651694: 0 0 0 0 -20 0 0 -20 50 20 0 -30 0 0 0 -20 10 0 -10 0 -30 -1
-0.19858156028368795: 0 0 0 0 -20 0 -30 -20 50 20 0 -30 0 -2 0 -20 2 0 -10 0 -30 -1
-0.19858156028368795: 0 0 0 0 -20 0 -30 -20 50 20 0 -30 0 -2 0 -20 2 0 -10 0 -30 -1
-0.19858156028368795: 0 0 0 0 -20 0 -30 -20 50 20 0 -30 0 -2 0 -20 2 0 -10 0 -30 -1
-0.19858156028368795: 0 0 0 0 -20 0 -30 -20 50 20 0 -30 0 -2 0 -20 2 0 -10 0 -30 -1
-0.19858156028368795: 0 0 0 0 -20 0 -30 -20 50 20 0 -30 0 -2 0 -20 2 0 -10 0 -30 -1
-0.19858156028368795: 0 0 0 0 -20 0 -30 -20 50 20 0 -30 0 -2 0 -20 2 0 -10 0 -30 -1
-0.2088258471237195: -30 0 0 0 -30 -2 -10 -30 50 -10 30 -50 20 0 -30 -20 5 -10 2 2 -20 -1
-0.31245074862096145: -30 -10 0 1 -2 -2 0 -10 50 0 20 -50 20 20 -30 -5 -20 10 2 20 -30 -20
-0.3467297084318361: -30 -1 0 1 2 -10 0 -10 30 10 20 -50 30 20 -20 -2 -10 10 -5 20 -30 -20
-0.3467297084318361: -30 -1 0 1 2 -10 0 -10 30 10 20 -50 30 20 -20 -2 -10 10 -5 20 -30 -20
-0.3467297084318361: -30 -1 0 1 2 -10 0 -10 30 10 20 -50 30 20 -20 -2 -10 10 -5 20 -30 -20
