TrainingAccuracy: 0.846
TestAccuracy: 0.7871532252594452
infeasible
infeasible
infeasible
infeasible
no_sol
no_sol
-0.041530054644808745: -5 -5 0 0 0 0 0 0 2 0 0 0 10 0 0 -5 0 0 -5 0 0 -1
-0.04993694829760405: -30 -5 0 0 0 0 0 0 2 0 0 0 50 0 -10 -2 0 0 -10 0 0 -1
-0.10962589323245062: -10 -20 0 0 0 0 0 0 20 0 0 0 50 0 -20 -20 0 0 -10 0 -10 -1
-0.10962589323245062: -10 -20 0 0 0 0 0 0 20 0 0 0 50 0 -20 -20 0 0 -10 0 -10 -1
-0.12543085329970577: -10 2 0 0 0 0 0 0 10 5 0 0 30 0 0 -20 2 0 -20 -2 -5 -1
-0.1432534678436318: -5 -20 0 0 0 0 0 0 10 5 0 0 30 -5 -10 -10 2 0 -2 0 -10 -1
-0.1674653215636822: -20 0 0 -2 0 0 0 -2 20 5 0 0 50 2 -20 -20 10 0 -10 0 -20 1
-0.1674653215636822: -20 0 0 -2 0 0 0 -2 20 5 0 0 50 2 -20 -20 10 0 -10 0 -20 1
-0.20765027322404372: 0 2 0 -2 2 0 0 -20 20 5 0 0 50 50 0 5 -50 -2 -30 -10 -30 -1
-0.20765027322404372: 0 2 0 -2 2 0 0 -20 20 5 0 0 50 50 0 5 -50 -2 -30 -10 -30 -1
-0.20765027322404372: 0 2 0 -2 2 0 0 -20 20 5 0 0 50 50 0 5 -50 -2 -30 -10 -30 -1
-0.20765027322404372: 0 2 0 -2 2 0 0 -20 20 5 0 0 50 50 0 5 -50 -2 -30 -10 -30 -1
-0.20765027322404372: 0 2 0 -2 2 0 0 -20 20 5 0 0 50 50 0 5 -50 -2 -30 -10 -30 -1
-0.20765027322404372: 0 2 0 -2 2 0 0 -20 20 5 0 0 50 50 0 5 -50 -2 -30 -10 -30 -1
-0.20765027322404372: 0 2 0 -2 2 0 0 -20 20 5 0 0 50 50 0 5 -50 -2 -30 -10 -30 -1
-0.20765027322404372: 0 2 0 -2 2 0 0 -20 20 5 0 0 50 50 0 5 -50 -2 -30 -10 -30 -1
