TrainingAccuracy: 0.724
TestAccuracy: 0.6455168305034257
infeasible
infeasible
infeasible
infeasible
infeasible
infeasible
infeasible
infeasible
infeasible
no_sol
no_sol
no_sol
no_sol
-0.40508680889230575: 0 0 -2 0 -10 -20 0 -2 10 2 -2 0 -30 0 0 0 0 0 0 0 0 -20 0 2 10 30 2 1
-0.4089627778845538: 0 0 -2 0 -10 -20 0 -2 10 2 -2 0 -50 0 0 0 30 0 0 0 0 -20 0 2 10 30 2 1
-0.4089627778845538: 0 0 -2 0 -10 -20 0 -2 10 2 -2 0 -50 0 0 0 30 0 0 0 0 -20 0 2 10 30 2 1
-0.6461016080466397: 20 -10 -20 0 -30 -50 0 -10 20 50 -10 0 -30 0 0 -1 0 0 -10 0 0 0 30 -10 50 20 5 0
-0.657729515023384: 20 -10 -20 0 -30 -50 0 -10 20 50 -10 0 -30 0 -10 0 0 0 -10 0 0 0 30 -10 50 20 5 -1
-0.657729515023384: 20 -10 -20 0 -30 -50 0 -10 20 50 -10 0 -30 0 -10 0 0 0 -10 0 0 0 30 -10 50 20 5 -1
-0.657729515023384: 20 -10 -20 0 -30 -50 0 -10 20 50 -10 0 -30 0 -10 0 0 0 -10 0 0 0 30 -10 50 20 5 -1
-0.657729515023384: 20 -10 -20 0 -30 -50 0 -10 20 50 -10 0 -30 0 -10 0 0 0 -10 0 0 0 30 -10 50 20 5 -1
-0.657729515023384: 20 -10 -20 0 -30 -50 0 -10 20 50 -10 0 -30 0 -10 0 0 0 -10 0 0 0 30 -10 50 20 5 -1
-0.657729515023384: 20 -10 -20 0 -30 -50 0 -10 20 50 -10 0 -30 0 -10 0 0 0 -10 0 0 0 30 -10 50 20 5 -1
-0.657729515023384: 20 -10 -20 0 -30 -50 0 -10 20 50 -10 0 -30 0 -10 0 0 0 -10 0 0 0 30 -10 50 20 5 -1
-0.657729515023384: 20 -10 -20 0 -30 -50 0 -10 20 50 -10 0 -30 0 -10 0 0 0 -10 0 0 0 30 -10 50 20 5 -1
-0.6667627650714331: 0 -5 -5 30 -50 5 -30 -2 5 20 -20 -50 -50 -30 -5 1 0 30 -2 10 0 5 -5 -30 10 5 2 30
-0.6667627650714331: 0 -5 -5 30 -50 5 -30 -2 5 20 -20 -50 -50 -30 -5 1 0 30 -2 10 0 5 -5 -30 10 5 2 30
-0.6667627650714331: 0 -5 -5 30 -50 5 -30 -2 5 20 -20 -50 -50 -30 -5 1 0 30 -2 10 0 5 -5 -30 10 5 2 30
