TrainingAccuracy: 0.702
TestAccuracy: 0.6621983914209115
infeasible
infeasible
infeasible
infeasible
infeasible
infeasible
no_sol
no_sol
0.36522184354949677: 30 0 0 -2 0 -2 0 0 0 5 0 0 0 0 0 0 0 0 -2 0 50 0 -10 -2 0 20 0 0
0.14886638186210976: 50 0 10 10 0 0 0 0 30 -10 0 0 -50 0 0 1 0 0 -50 0 0 0 10 0 50 0 0 0
0.08515336245379923: 50 0 20 20 -10 0 0 0 30 -20 0 0 -20 0 0 -2 0 0 0 0 0 0 -30 -50 0 20 0 0
0.06867309876958028: 50 0 20 30 -5 0 0 0 -5 -20 0 0 -50 0 0 -20 0 0 0 0 0 0 10 0 50 50 0 -2
0.053280852493639896: 50 0 30 30 0 0 0 0 30 -30 0 50 -50 0 0 -30 0 0 0 0 0 0 0 -30 2 50 -20 -1
0.053280852493639896: 50 0 30 30 0 0 0 0 30 -30 0 50 -50 0 0 -30 0 0 0 0 0 0 0 -30 2 50 -20 -1
0.03728059648954385: 30 0 20 20 0 0 0 -20 30 -30 0 50 -20 0 0 -2 20 0 0 0 0 0 -30 -50 -10 50 -10 0
0.03721659546552747: 50 0 20 20 0 0 0 -20 30 -30 0 50 -10 0 0 -2 20 0 0 0 50 0 -30 -50 -10 50 -10 0
0.029184466951471255: 50 0 20 20 0 0 0 -20 30 -30 0 50 -20 0 10 -2 20 0 0 0 50 0 -30 -50 -10 50 -10 0
0.021312340997455992: 50 0 20 30 -10 0 0 -20 30 -50 0 50 -30 0 0 -2 30 -50 0 1 0 0 -30 -50 5 50 -10 0
0.021312340997455992: 50 0 20 30 -10 0 0 -20 30 -50 0 50 -30 0 0 -2 30 -50 0 1 0 0 -30 -50 5 50 -10 0
-0.0024000384006144238: 20 0 10 10 0 0 0 -30 20 -10 5 50 -2 0 5 1 10 0 -50 -50 0 0 10 1 20 30 -5 10
-0.0277124433990944: 30 30 -20 2 0 -50 -10 -10 30 -30 10 50 -50 0 20 5 20 0 2 0 0 0 -20 2 20 50 5 0
-0.09081745307924927: 50 -20 30 20 0 0 0 -20 2 -30 5 50 -30 5 0 -1 10 -50 -20 -20 5 0 10 -2 30 30 -10 0
-0.09081745307924927: 50 -20 30 20 0 0 0 -20 2 -30 5 50 -30 5 0 30 50 -50 -50 -50 5 0 10 -2 30 30 -10 -1
-0.0918414694635114: 50 2 -5 20 -30 -5 -50 2 30 -30 10 10 -50 10 2 -1 0 -50 -5 2 0 0 -20 0 -2 50 -10 20
-0.09206547304756879: 50 0 -10 20 -30 5 -20 -20 20 -2 30 30 -20 20 30 5 0 -50 -10 5 20 50 -20 0 2 30 -10 -1
-0.09974559592953486: 50 2 -5 20 -30 -5 -50 2 20 -30 10 10 -50 20 2 30 -5 -50 -5 2 30 0 -30 0 -2 50 -10 -1
-0.09974559592953486: 50 2 -5 20 -30 -5 -50 2 20 -30 10 10 -50 20 2 30 -5 -50 -5 2 30 0 -30 0 -2 50 -10 -1
-0.09974559592953486: 50 2 -5 20 -30 -5 -50 2 20 -30 10 10 -50 20 2 30 -5 -50 -5 2 30 0 -30 0 -2 50 -10 -1
