TrainingAccuracy: 0.71
TestAccuracy: 0.6589216562406911
no_sol
no_sol
no_sol
no_sol
no_sol
no_sol
no_sol
no_sol
no_sol
no_sol
0.041577214827536846: 0 30 -5 20 0 0 0 0 5 0 10 0 20 0 0 -1 0 0 -30 0 0 0 0 2 20 30 0 0
0.010090167453842835: 0 50 -10 30 0 0 0 0 10 0 20 0 30 0 0 0 0 0 -50 0 0 0 -2 0 20 20 -5 1
-0.014097609846858483: 50 0 -10 0 0 -30 0 -20 20 0 30 0 50 0 -30 -1 0 0 -20 0 0 0 -20 0 30 30 0 0
-0.014097609846858483: 50 0 -10 0 0 -30 0 -20 20 0 30 0 50 0 -30 -1 0 0 -20 0 0 0 -20 0 30 30 0 0
-0.040790038643194526: 0 50 -50 20 -20 -30 0 -20 0 0 20 0 50 0 0 -2 30 0 0 50 -30 0 0 0 30 30 -10 0
-0.06061256619436095: 50 5 -10 0 0 -30 0 -20 10 1 30 0 50 0 -30 -2 0 0 -30 -10 0 0 0 10 50 30 0 0
-0.1146414770287677: 50 10 -20 0 -5 -10 -20 2 10 -20 2 0 0 0 -50 -1 0 0 -30 0 0 0 -20 -5 0 20 0 50
-0.1146414770287677: 50 10 -20 0 -5 -10 -20 2 10 -20 2 0 0 0 -50 -1 0 0 -30 0 0 0 -20 -5 0 20 0 50
-0.1146414770287677: 50 10 -20 0 -5 -10 -20 2 10 -20 2 0 0 0 -50 -1 0 0 -30 0 0 0 -20 -5 0 20 0 50
-0.17554028910834407: 50 10 -20 -2 -5 -10 -20 0 10 -20 2 5 0 0 -50 0 20 0 20 30 0 0 -20 -5 0 20 -2 1
-0.1780449406039788: 30 20 -20 0 -2 -10 -20 5 10 -30 -5 0 -10 0 -50 -2 50 0 20 30 0 0 -10 2 10 20 0 -2
-0.18784886217260632: 0 50 -50 0 -5 -20 -50 10 30 -30 30 50 20 0 -2 -10 50 0 0 30 -50 0 -30 5 20 50 2 1
-0.18784886217260632: 0 50 -50 0 -5 -20 -50 10 30 -30 30 50 20 0 -2 -10 50 0 0 30 -50 0 -30 5 20 50 2 1
-0.18784886217260632: 0 50 -50 0 -5 -20 -50 10 30 -30 30 50 20 0 -2 -10 50 0 0 30 -50 0 -30 5 20 50 2 1
-0.18784886217260632: 0 50 -50 0 -5 -20 -50 10 30 -30 30 50 20 0 -2 -10 50 0 0 30 -50 0 -30 5 20 50 2 1
-0.18784886217260632: 0 50 -50 0 -5 -20 -50 10 30 -30 30 50 20 0 -2 -10 50 0 0 30 -50 0 -30 5 20 50 2 1
-0.18784886217260632: 0 50 -50 0 -5 -20 -50 10 30 -30 30 50 20 0 -2 -10 50 0 0 30 -50 0 -30 5 20 50 2 1
-0.18784886217260632: 0 50 -50 0 -5 -20 -50 10 30 -30 30 50 20 0 -2 -10 50 0 0 30 -50 0 -30 5 20 50 2 1
