TrainingAccuracy: 0.706
TestAccuracy: 0.6547512660113196
infeasible
no_sol
no_sol
no_sol
no_sol
no_sol
no_sol
no_sol
no_sol
no_sol
no_sol
-0.5414250207125104: 50 0 10 0 2 0 0 0 2 2 -10 0 -30 0 0 -5 0 0 0 0 0 0 -10 0 2 20 2 0
-0.5809168737917703: 50 0 10 0 5 0 0 10 5 30 0 0 0 0 20 0 0 0 -20 0 0 0 -30 -20 0 30 5 2
-0.6268986467826567: 50 0 20 0 2 0 0 0 5 30 -2 0 0 0 5 -30 0 0 -5 0 0 0 -20 0 20 10 5 -1
-0.6268986467826567: 50 0 20 0 2 0 0 0 5 30 -2 0 0 0 5 -30 0 0 -5 0 0 0 -20 0 20 10 5 -1
-0.6268986467826567: 50 0 20 0 2 0 0 0 5 30 -2 0 0 0 5 -30 0 0 -5 0 0 0 -20 0 20 10 5 -1
-0.648025407346037: 50 0 20 -20 30 -20 20 5 10 30 0 0 5 0 0 -30 0 0 -5 0 0 0 -30 -10 0 10 5 1
-0.6578293289146644: 50 0 20 -20 30 -20 20 2 10 30 -5 0 -2 0 0 -30 0 0 -10 0 0 0 -20 0 20 5 2 -1
-0.6578293289146644: 50 0 20 -20 30 -20 20 2 10 30 -5 0 -2 0 0 -30 0 0 -10 0 0 0 -20 0 20 5 2 -1
-0.6578293289146644: 50 0 20 -20 30 -20 20 2 10 30 -5 0 -2 0 0 -30 0 0 -10 0 0 0 -20 0 20 5 2 -1
-0.6578293289146644: 50 0 20 -20 30 -20 20 2 10 30 -5 0 -2 0 0 -30 0 0 -10 0 0 0 -20 0 20 5 2 -1
-0.6621099143882905: 50 0 20 0 10 2 5 5 10 20 -2 0 -20 30 0 0 0 -50 -30 -20 -10 50 -30 -10 -2 10 10 1
-0.6621099143882905: 50 0 20 0 10 2 5 5 10 20 -2 0 -20 30 0 0 0 -50 -30 -20 -10 50 -30 -10 -2 10 10 1
-0.6621099143882905: 50 0 20 0 10 2 5 5 10 20 -2 0 -20 30 0 0 0 -50 -30 -20 -10 50 -30 -10 -2 10 10 1
-0.6621099143882905: 50 0 20 0 10 2 5 5 10 20 -2 0 -20 30 0 0 0 -50 -30 -20 -10 50 -30 -10 -2 10 10 1
-0.6621099143882905: 50 0 20 0 10 2 5 5 10 20 -2 0 -20 30 0 0 0 -50 -30 -20 -10 50 -30 -10 -2 10 10 1
-0.6621099143882905: 50 0 20 0 10 2 5 5 10 20 -2 0 -20 30 0 0 0 -50 -30 -20 -10 50 -30 -10 -2 10 10 1
-0.6621099143882905: 50 0 20 0 10 2 5 5 10 20 -2 0 -20 30 0 0 0 -50 -30 -20 -10 50 -30 -10 -2 10 10 1
