TrainingAccuracy: 0.724
TestAccuracy: 0.6455168305034257
infeasible
infeasible
infeasible
infeasible
-0.31545903004676795: 0 0 0 0 0 -20 0 0 2 0 0 0 -30 0 0 0 0 0 0 0 0 0 0 0 0 30 0 -1
-0.48388750080082: 0 0 0 0 -20 -30 0 0 20 5 0 0 0 0 0 -2 0 0 0 0 0 0 0 0 30 0 0 0
-0.6471266576974821: 0 0 0 0 -20 -30 0 0 10 50 0 0 0 0 0 0 0 0 -2 0 0 0 0 -30 30 0 0 0
-0.7207700685501953: 0 0 0 0 -20 -30 0 0 5 50 0 0 0 0 0 0 0 0 -2 0 0 0 0 -30 20 0 0 0
-0.7207700685501953: 0 0 0 0 -20 -30 0 0 5 50 0 0 0 0 0 0 0 0 -2 0 0 0 0 -30 20 0 0 0
-0.7241335127170222: 0 0 -5 0 -20 -30 0 0 2 50 0 0 0 0 0 0 0 0 0 0 0 0 0 -30 5 20 5 -1
-0.7396373886860145: 0 0 -5 0 -20 -30 -2 0 2 50 0 0 0 0 0 0 0 0 -1 0 0 0 0 -30 5 20 5 0
-0.7484143763213531: 0 0 -5 0 -30 -20 0 -30 5 50 0 0 0 0 0 0 0 0 0 5 0 0 0 -20 2 30 5 -1
-0.7600422832980973: 0 0 -5 0 -30 -20 0 -30 5 50 0 0 0 0 0 0 0 -10 0 5 0 0 0 -20 2 30 2 -1
-0.7600422832980973: 0 0 -5 0 -30 -20 0 -30 5 50 0 0 0 0 0 0 0 -10 0 5 0 0 0 -20 2 30 2 -1
-0.7703248126081108: 0 0 -30 20 -50 -10 -30 0 10 30 -5 0 -20 0 0 1 0 0 0 0 0 -20 0 0 10 10 5 20
-0.7788455378307386: 0 0 -30 20 -50 -10 -30 0 5 30 -5 0 -20 0 0 -1 50 0 0 0 0 0 0 -2 10 10 2 30
-0.7865974758152348: 0 0 -30 20 -50 -10 -30 -2 5 30 -5 0 -20 0 0 -1 50 0 0 0 0 0 0 -2 10 10 2 30
-0.7935806265615991: 0 0 -30 20 -50 -10 -30 -10 5 30 -2 0 -20 0 0 1 50 0 5 10 0 0 0 0 10 10 2 20
-0.7935806265615991: 0 2 -30 20 -50 -10 -30 -10 5 30 -5 0 -20 0 0 -1 50 0 0 0 0 0 -2 -2 10 10 2 30
-0.7935806265615991: 0 2 -30 20 -50 -10 -30 -10 5 30 -5 0 -20 0 0 -1 50 0 0 0 0 0 -2 -2 10 10 2 30
-0.7935806265615991: 0 2 -30 20 -50 -10 -30 -10 5 30 -5 0 -20 0 0 -1 50 0 0 0 0 0 -2 -2 10 10 2 30
-0.7935806265615991: 0 2 -30 20 -50 -10 -30 -10 5 30 -5 0 -20 0 0 -1 50 0 0 0 0 0 -2 -2 10 10 2 30
-0.7935806265615991: 0 2 -30 20 -50 -10 -30 -10 5 30 -5 0 -20 0 0 -1 50 0 0 0 0 0 -2 -2 10 10 2 30
-0.7935806265615991: 0 2 -30 20 -50 -10 -30 -10 5 30 -5 0 -20 0 0 -1 50 0 0 0 0 0 -2 -2 10 10 2 30
-0.7935806265615991: 0 2 -30 20 -50 -10 -30 -10 5 30 -5 0 -20 0 0 -1 50 0 0 0 0 0 -2 -2 10 10 2 30
-0.7935806265615991: 0 2 -30 20 -50 -10 -30 -10 5 30 -5 0 -20 0 0 -1 50 0 0 0 0 0 -2 -2 10 10 2 30
-0.7935806265615991: 0 2 -30 20 -50 -10 -30 -10 5 30 -5 0 -20 0 0 -1 50 0 0 0 0 0 -2 -2 10 10 2 30
-0.7935806265615991: 0 2 -30 20 -50 -10 -30 -10 5 30 -5 0 -20 0 0 -1 50 0 0 0 0 0 -2 -2 10 10 2 30
