TrainingAccuracy: 0.848
TestAccuracy: 0.7989554364783287
no_sol
no_sol
no_sol
no_sol
no_sol
no_sol
no_sol
0.3640810621942697: 0 0 0 0 0 -20 30 0 50 20 0 30 0 0 0 0 0 0 -30 0 -50 -1
0.3640810621942697: 0 0 0 0 0 -20 30 0 50 20 0 30 0 0 0 0 0 0 -30 0 -50 -1
0.3640810621942697: 0 0 0 0 0 -20 30 0 50 20 0 30 0 0 0 0 0 0 -30 0 -50 -1
0.08176100628930821: -1 5 0 0 0 -1 30 1 50 0 0 -2 0 30 5 -5 0 0 0 0 0 -50
0.08176100628930821: -1 5 0 0 0 -1 30 1 50 0 0 -2 0 30 5 -5 0 0 0 0 0 -50
0.08176100628930821: -1 5 0 0 0 -1 30 1 50 0 0 -2 0 30 5 -5 0 0 0 0 0 -50
0.08176100628930821: -1 5 0 0 0 -1 30 1 50 0 0 -2 0 30 5 -5 0 0 0 0 0 -50
0.08176100628930821: -1 5 0 0 0 -1 30 1 50 0 0 -2 0 30 5 -5 0 0 0 0 0 -50
-0.10552061495457721: -10 0 0 0 -2 -30 -10 -30 30 -5 0 10 -30 30 2 -10 0 -5 0 10 5 1
-0.10552061495457721: -10 0 0 0 -2 -30 -10 -30 30 -5 0 10 -30 30 2 -10 0 -5 0 10 5 1
-0.14290705800139764: -20 -5 0 0 -2 -1 10 -5 30 -10 0 10 -10 20 2 -20 0 5 0 2 10 -20
-0.14290705800139764: -20 -5 0 0 -2 -1 10 -5 30 -10 0 10 -10 20 2 -20 0 5 0 2 10 -20
-0.14290705800139764: -20 -5 0 0 -2 -1 10 -5 30 -10 0 10 -10 20 2 -20 0 5 0 2 10 -20
-0.14290705800139764: -20 -5 0 0 -2 -1 10 -5 30 -10 0 10 -10 20 2 -20 0 5 0 2 10 -20
-0.16177498252969952: -20 -5 -50 0 -2 -1 10 -5 30 -10 0 10 -10 20 0 -20 1 5 0 2 10 -20
