TrainingAccuracy: 0.718
TestAccuracy: 0.6492403932082216
infeasible
no_sol
no_sol
no_sol
no_sol
no_sol
no_sol
no_sol
-0.36090686274509803: 0 0 0 -2 0 -20 -5 0 2 0 -2 0 -50 0 0 1 0 0 0 0 0 0 0 0 20 20 0 0
-0.3713235294117647: 0 0 0 -2 0 -20 -5 0 2 0 -2 0 -50 -50 0 1 0 0 0 0 0 0 0 0 20 20 0 0
-0.4319852941176471: 0 0 -5 20 -30 0 -50 0 5 10 0 0 -50 0 0 0 0 0 0 0 -30 0 0 0 20 30 0 2
-0.45526960784313725: 0 0 -2 0 -10 -5 -20 0 5 10 0 0 -50 0 0 0 0 0 1 0 0 -20 0 -2 10 30 0 0
-0.45526960784313725: 0 0 -2 0 -10 -5 -20 0 5 10 0 0 -50 0 0 0 0 0 1 0 0 -20 0 -2 10 30 0 0
-0.6629901960784315: 0 0 -10 0 -20 -30 -2 0 2 50 0 0 -30 0 20 0 0 0 0 10 0 0 0 -30 20 5 10 -1
-0.6629901960784315: 0 0 -10 0 -20 -30 -2 0 2 50 0 -20 -30 0 20 0 0 0 0 20 0 0 0 -30 20 5 10 -1
-0.6629901960784315: 0 0 -10 0 -20 -30 -2 0 2 50 0 -20 -30 0 20 0 0 0 0 20 0 0 0 -30 20 5 10 -1
-0.6629901960784315: 0 0 -10 0 -20 -30 -2 0 2 50 0 -20 -30 0 20 0 0 0 0 20 0 0 0 -30 20 5 10 -1
-0.6856617647058824: 0 0 -10 30 -50 -2 -50 20 2 50 0 0 -30 0 20 0 0 0 0 20 0 0 0 -30 20 0 10 -1
-0.6887254901960784: 0 0 -2 30 -50 -2 -50 20 2 50 0 0 -30 -30 20 0 0 0 0 20 0 0 0 -30 20 0 2 -1
-0.6887254901960784: 0 0 -2 30 -50 -2 -50 20 2 50 0 0 -30 -30 20 0 0 0 0 20 0 0 0 -30 20 0 2 -1
-0.6887254901960784: 0 0 -2 30 -50 -2 -50 20 2 50 0 0 -30 -30 20 0 0 0 0 20 0 0 0 -30 20 0 2 -1
-0.6991421568627452: 0 0 -2 30 -50 -2 -50 20 2 50 0 0 -30 0 20 0 0 0 0 20 -50 50 0 -30 20 0 2 -1
-0.6991421568627452: 0 0 -2 30 -50 -2 -50 20 2 50 0 0 -30 0 20 0 0 0 0 20 -50 50 0 -30 20 0 2 -1
-0.7224264705882353: 0 -30 -10 -5 -50 -50 5 -50 10 50 -20 0 -20 -50 2 50 5 50 5 30 -30 0 -5 -50 0 30 2 -1
-0.7224264705882353: 0 -30 -10 -5 -50 -50 5 -50 10 50 -20 0 -20 -50 2 50 5 50 5 30 -30 0 -5 -50 0 30 2 -1
-0.7224264705882353: 0 -30 -10 -5 -50 -50 5 -50 10 50 -20 0 -20 -50 2 50 5 50 5 30 -30 0 -5 -50 0 30 2 -1
-0.7224264705882353: 0 -30 -10 -5 -50 -50 5 -50 10 50 -20 0 -20 -50 2 50 5 50 5 30 -30 0 -5 -50 0 30 2 -1
-0.7224264705882353: 0 -30 -10 -5 -50 -50 5 -50 10 50 -20 0 -20 -50 2 50 5 50 5 30 -30 0 -5 -50 0 30 2 -1
