TrainingAccuracy: 0.724
TestAccuracy: 0.6444742329460829
no_sol
no_sol
no_sol
0.22305764411027573: 0 0 30 0 -20 0 0 0 0 0 0 0 0 0 0 -20 0 0 0 0 0 0 0 0 0 50 0 0
0.15371762740183792: 0 0 30 0 -20 0 -20 0 0 -20 0 0 0 0 0 0 0 0 0 0 0 0 0 0 0 50 0 0
0.06892230576441105: 0 0 30 0 -20 0 -20 0 0 -20 0 0 0 0 0 0 0 0 0 0 0 0 0 0 0 50 -20 0
0.040935672514619936: 0 0 30 0 -20 0 -20 0 0 -20 0 0 0 0 0 0 0 0 0 0 0 0 0 0 30 20 -20 0
-0.018796992481203034: 0 20 50 0 0 0 0 0 -10 -50 0 0 0 0 0 0 0 0 0 0 0 0 0 0 50 30 -20 -5
-0.06265664160401008: 0 20 50 0 0 0 0 0 -10 -50 2 0 0 0 0 0 0 0 0 0 0 0 0 0 30 50 -20 -1
-0.08020050125313283: 0 50 20 20 0 0 0 0 0 -20 20 0 0 0 30 0 0 0 -30 0 0 0 -30 0 0 50 0 5
-0.14160401002506262: 0 30 30 0 0 0 -5 0 -5 -50 0 0 -50 0 0 2 0 0 0 0 0 0 0 5 50 20 -20 0
-0.24269005847953218: 0 0 50 0 -30 0 -10 -30 -20 -30 50 0 0 0 0 0 0 0 0 0 0 0 0 2 50 50 -20 -1
-0.28320802005012524: 0 10 30 0 -20 0 -30 0 -20 -30 30 0 0 0 30 0 0 0 0 0 0 0 0 10 50 30 -20 1
-0.2848788638262323: 0 0 30 0 -30 0 -50 10 -20 -30 30 0 0 0 50 10 0 0 0 0 0 0 0 10 50 30 -20 2
-0.2865497076023391: 0 0 30 0 -30 0 -20 -20 -20 -30 30 0 0 0 50 -1 -5 0 0 0 0 0 0 2 50 30 -20 20
-0.3070175438596491: 10 0 30 -2 -20 0 -30 0 -20 -30 30 0 0 0 30 5 0 0 0 5 0 0 0 10 50 30 -20 1
-0.3070175438596491: 10 0 30 -2 -20 0 -30 0 -20 -30 30 0 0 0 30 5 0 0 0 5 0 0 0 10 50 30 -20 1
-0.3308270676691729: 10 0 30 0 -20 0 -30 2 -20 -5 50 0 20 30 50 0 -5 0 -5 0 0 0 -10 0 30 30 -20 -1
-0.3308270676691729: 10 0 30 0 -20 0 -30 2 -20 -5 50 0 20 30 50 0 -5 0 -5 0 0 0 -10 0 30 30 -20 -1
-0.3308270676691729: 10 0 30 0 -20 0 -30 2 -20 -5 50 0 20 30 50 0 -5 0 -5 0 0 0 -10 0 30 30 -20 -1
-0.3308270676691729: 10 0 30 0 -20 0 -30 2 -20 -5 50 0 20 30 50 0 -5 0 -5 0 0 0 -10 0 30 30 -20 -1
-0.3308270676691729: 10 0 30 0 -20 0 -30 2 -20 -5 50 0 20 30 50 0 -5 0 -5 0 0 0 -10 0 30 30 -20 -1
-0.3387635756056808: 20 0 50 -20 -20 -2 -50 2 -30 -50 50 0 -5 0 50 30 -30 50 2 20 0 0 -30 -5 50 50 -30 -1
-0.3387635756056808: 20 0 50 -20 -20 -2 -50 2 -30 -50 50 0 -5 0 50 30 -30 50 2 20 0 0 -30 -5 50 50 -30 -1
-0.3387635756056808: 20 0 50 -20 -20 -2 -50 2 -30 -50 50 0 -5 0 50 30 -30 50 2 20 0 0 -30 -5 50 50 -30 -1
-0.3387635756056808: 20 0 50 -20 -20 -2 -50 2 -30 -50 50 0 -5 0 50 30 -30 50 2 20 0 0 -30 -5 50 50 -30 -1
-0.3387635756056808: 20 0 50 -20 -20 -2 -50 2 -30 -50 50 0 -5 0 50 30 -30 50 2 20 0 0 -30 -5 50 50 -30 -1
-0.3387635756056808: 20 0 50 -20 -20 -2 -50 2 -30 -50 50 0 -5 0 50 30 -30 50 2 20 0 0 -30 -5 50 50 -30 -1
