TrainingAccuracy: 0.718
TestAccuracy: 0.6569854036341972
no_sol
no_sol
no_sol
no_sol
no_sol
no_sol
no_sol
no_sol
no_sol
no_sol
no_sol
no_sol
no_sol
0.2781862745098039: 0 2 -2 -2 -5 -30 0 0 10 5 -2 0 -20 0 0 0 0 0 0 0 -2 0 -2 0 10 30 -5 0
0.2781862745098039: 0 2 -2 -2 -5 -30 0 0 10 5 -2 0 -20 0 0 0 0 0 0 0 -2 0 -2 0 10 30 -5 0
0.2781862745098039: 0 2 -2 -2 -5 -30 0 0 10 5 -2 0 -20 0 0 0 0 0 0 0 -2 0 -2 0 10 30 -5 0
0.2781862745098039: 0 2 -2 -2 -5 -30 0 0 10 5 -2 0 -20 0 0 0 0 0 0 0 -2 0 -2 0 10 30 -5 0
0.03431372549019607: 50 0 -20 -2 -20 -30 -30 -20 20 -5 0 0 -50 0 2 0 20 0 0 -10 0 0 0 20 30 30 10 1
0.03308823529411764: 50 -2 -10 -10 -2 -30 -30 -2 10 -2 0 0 -50 0 10 0 50 0 5 0 0 0 -2 10 0 50 10 -2
-0.002450980392156854: 20 -10 -5 5 -30 -20 -30 -30 20 -2 5 0 -30 0 20 0 50 0 5 0 0 0 -20 2 0 50 20 1
-0.002450980392156854: 20 -10 -5 5 -30 -20 -30 -30 20 -2 5 0 -30 0 20 0 50 0 5 0 0 0 -20 2 0 50 20 1
-0.002450980392156854: 20 -10 -5 5 -30 -20 -30 -30 20 -2 5 0 -30 0 20 0 50 0 5 0 0 0 -20 2 0 50 20 1
-0.002450980392156854: 20 -10 -5 5 -30 -20 -30 -30 20 -2 5 0 -30 0 20 0 50 0 5 0 0 0 -20 2 0 50 20 1
-0.002450980392156854: 20 -10 -5 5 -30 -20 -30 -30 20 -2 5 0 -30 0 20 0 50 0 5 0 0 0 -20 2 0 50 20 1
-0.002450980392156854: 20 -10 -5 5 -30 -20 -30 -30 20 -2 5 0 -30 0 20 0 50 0 5 0 0 0 -20 2 0 50 20 1
-0.002450980392156854: 20 -10 -5 5 -30 -20 -30 -30 20 -2 5 0 -30 0 20 0 50 0 5 0 0 0 -20 2 0 50 20 1
-0.002450980392156854: 20 -10 -5 5 -30 -20 -30 -30 20 -2 5 0 -30 0 20 0 50 0 5 0 0 0 -20 2 0 50 20 1
-0.002450980392156854: 20 -10 -5 5 -30 -20 -30 -30 20 -2 5 0 -30 0 20 0 50 0 5 0 0 0 -20 2 0 50 20 1
