TrainingAccuracy: 0.732
TestAccuracy: 0.6459636580280012
infeasible
no_sol
-0.21136173767752708: 0 0 5 0 0 0 0 0 0 0 0 0 0 0 0 -2 0 0 0 0 0 0 0 0 5 0 0 0
-0.5994152046783625: 0 0 0 0 0 -20 0 0 0 30 0 0 0 0 0 -20 0 0 0 0 0 0 0 0 0 50 0 0
-0.5994152046783625: 0 0 0 0 0 -20 0 0 0 30 0 0 0 0 0 -20 0 0 0 0 0 0 0 0 0 50 0 0
-0.6679197994987469: 0 0 0 0 0 -50 0 -30 0 30 0 0 0 0 0 0 0 0 0 0 0 0 0 0 30 50 0 -1
-0.6942355889724311: 0 0 0 0 0 -50 -30 0 0 50 0 0 0 0 0 0 0 0 0 0 0 0 0 0 30 30 -10 -1
-0.6942355889724311: 0 0 0 0 0 -50 -30 0 0 50 0 0 0 0 0 0 0 0 0 0 0 0 0 0 30 30 -10 -1
-0.7339181286549707: 0 -30 0 0 0 -30 -30 0 0 50 0 0 0 0 0 0 0 30 0 0 0 0 0 0 10 30 -20 -2
-0.7339181286549707: 0 -30 0 0 0 -30 -30 0 0 50 0 0 0 0 0 0 0 30 0 0 0 0 0 0 10 30 -20 -2
-0.7339181286549707: 0 -30 0 0 0 -30 -30 0 0 50 0 0 0 0 0 0 0 30 0 0 0 0 0 0 10 30 -20 -2
-0.7339181286549707: 0 -30 0 0 0 -30 -30 0 0 50 0 0 0 0 0 0 0 30 0 0 0 0 0 0 10 30 -20 -2
-0.7339181286549707: 0 -30 0 0 0 -30 -30 0 0 50 0 0 0 0 0 0 0 30 0 0 0 0 0 0 10 30 -20 -2
-0.7339181286549707: 0 -30 0 0 0 -30 -30 0 0 50 0 0 0 0 0 0 0 30 0 0 0 0 0 0 10 30 -20 -2
-0.7339181286549707: 0 -30 0 0 0 -30 -30 0 0 50 0 0 0 0 0 0 0 30 0 0 0 0 0 0 10 30 -20 -2
-0.7339181286549707: 0 -30 0 0 0 -30 -30 0 0 50 0 0 0 0 0 0 0 30 0 0 0 0 0 0 10 30 -20 -2
-0.7339181286549707: 0 -30 0 0 0 -30 -30 0 0 50 0 0 0 0 0 0 0 30 0 0 0 0 0 0 10 30 -20 -2
-0.7339181286549707: 0 -30 0 0 0 -30 -30 0 0 50 0 0 0 0 0 0 0 30 0 0 0 0 0 0 10 30 -20 -2
-0.7339181286549707: 0 -30 0 0 0 -30 -30 0 0 50 0 0 0 0 0 0 0 30 0 0 0 0 0 0 10 30 -20 -2
-0.7339181286549707: 0 -30 0 0 0 -30 -30 0 0 50 0 0 0 0 0 0 0 30 0 0 0 0 0 0 10 30 -20 -2
-0.7339181286549707: 0 -30 0 0 0 -30 -30 0 0 50 0 0 0 0 0 0 0 30 0 0 0 0 0 0 10 30 -20 -2
-0.7339181286549707: 0 -30 0 0 0 -30 -30 0 0 50 0 0 0 0 0 0 0 30 0 0 0 0 0 0 10 30 -20 -2
-0.7339181286549707: 0 -30 0 0 0 -30 -30 0 0 50 0 0 0 0 0 0 0 30 0 0 0 0 0 0 10 30 -20 -2
-0.7339181286549707: 0 -30 0 0 0 -30 -30 0 0 50 0 0 0 0 0 0 0 30 0 0 0 0 0 0 10 30 -20 -2
-0.7339181286549707: 0 -30 0 0 0 -30 -30 0 0 50 0 0 0 0 0 0 0 30 0 0 0 0 0 0 10 30 -20 -2
-0.7339181286549707: 0 -30 0 0 0 -30 -30 0 0 50 0 0 0 0 0 0 0 30 0 0 0 0 0 0 10 30 -20 -2
-0.7339181286549707: 0 -30 0 0 0 -30 -30 0 0 50 0 0 0 0 0 0 0 30 0 0 0 0 0 0 10 30 -20 -2
-0.7339181286549707: 0 -30 0 0 0 -30 -30 0 0 50 0 0 0 0 0 0 0 30 0 0 0 0 0 0 10 30 -20 -2
