TrainingAccuracy: 0.724
TestAccuracy: 0.6455168305034257
infeasible
infeasible
infeasible
infeasible
infeasible
infeasible
infeasible
infeasible
infeasible
infeasible
no_sol
no_sol
no_sol
-0.3844256518675123: 0 0 -2 0 -10 -20 0 -10 10 2 -2 0 -30 0 0 0 0 0 0 0 0 -20 0 2 10 30 2 1
-0.3844256518675123: 0 0 -2 0 -10 -20 0 -10 10 2 -2 0 -30 0 0 0 0 0 0 0 0 -20 0 2 10 30 2 1
-0.3844256518675123: 0 0 -2 0 -10 -20 0 -10 10 2 -2 0 -30 0 0 0 0 0 0 0 0 -20 0 2 10 30 2 1
-0.3844256518675123: 0 0 -2 0 -10 -20 0 -10 10 2 -2 0 -30 0 0 0 0 0 0 0 0 -20 0 2 10 30 2 1
-0.46370683579985905: 0 -10 -10 -30 2 -50 -30 0 20 20 5 0 -50 0 10 0 0 0 2 0 0 -50 0 2 30 50 10 0
-0.5174258440643218: 0 10 -5 -10 0 -20 -10 -20 20 5 -10 0 -50 0 -5 -1 30 0 0 0 0 -30 0 5 20 30 2 0
-0.5482093663911846: 2 -5 -5 20 -30 -10 -20 2 5 20 -2 0 -20 0 5 -1 0 0 -5 0 0 0 10 -5 30 5 5 0
-0.5520853353834325: 2 -5 -5 20 -30 -10 -20 2 5 20 -2 -50 -20 0 5 -1 0 0 -5 0 0 0 10 -5 30 5 5 0
-0.5559613043756806: 2 -5 -5 20 -30 -10 -20 2 5 20 -2 -30 -20 -50 5 -1 0 0 -5 0 0 0 10 -5 30 5 5 0
-0.5598372733679287: 2 -5 -5 20 -30 -10 -20 2 5 20 -2 -50 -20 -30 5 -1 0 0 -5 0 -10 0 10 -5 30 5 5 0
-0.5598372733679287: 2 -5 -5 20 -30 -10 -20 2 5 20 -2 -50 -20 -30 5 -1 0 0 -5 0 -10 0 10 -5 30 5 5 0
-0.5598372733679287: 2 -5 -5 20 -30 -10 -20 2 5 20 -2 -50 -20 -30 5 -1 0 0 -5 0 -10 0 10 -5 30 5 5 0
-0.5598372733679287: 2 -5 -5 20 -30 -10 -20 2 5 20 -2 -50 -20 -30 5 -1 0 0 -5 0 -10 0 10 -5 30 5 5 0
-0.5598372733679287: 2 -5 -5 20 -30 -10 -20 2 5 20 -2 -50 -20 -30 5 -1 0 0 -5 0 -10 0 10 -5 30 5 5 0
-0.5598372733679287: 2 -5 -5 20 -30 -10 -20 2 5 20 -2 -50 -20 -30 5 -1 0 0 -5 0 -10 0 10 -5 30 5 5 0
