TrainingAccuracy: 0.706
TestAccuracy: 0.6523681858802503
infeasible
infeasible
infeasible
infeasible
infeasible
infeasible
infeasible
infeasible
no_sol
no_sol
no_sol
-0.576281220499528: 50 0 10 0 2 0 0 0 2 2 -10 0 -30 0 0 -5 0 0 0 0 0 0 -10 0 2 20 2 0
-0.6400262404198468: 50 0 10 0 5 0 0 10 5 30 0 0 0 0 20 0 0 0 -20 0 0 0 -30 -20 0 30 5 2
-0.6485063761020177: 50 0 20 0 2 0 0 0 5 30 -2 0 0 0 5 -30 0 0 -5 0 0 0 -20 0 20 10 5 -1
-0.6485063761020177: 50 0 20 0 2 0 0 0 5 30 -2 0 0 0 5 -30 0 0 -5 0 0 0 -20 0 20 10 5 -1
-0.6641866269860317: 50 0 20 0 10 0 5 10 2 20 -2 0 -20 0 0 -1 0 0 -30 -20 0 0 -20 0 10 10 10 0
-0.6644106305700891: 50 0 20 -20 30 -20 20 5 10 30 0 0 5 0 0 -30 0 0 -5 0 0 0 -30 -10 0 10 5 1
-0.6724427590841453: 50 0 20 -20 30 -20 20 2 10 30 -5 0 -2 0 0 -30 0 0 -10 0 0 0 -20 0 20 5 2 -1
-0.6724427590841453: 50 0 20 -20 30 -20 20 2 10 30 -5 0 -2 0 0 -30 0 0 -10 0 0 0 -20 0 20 5 2 -1
-0.6724427590841453: 50 0 20 -20 30 -20 20 2 10 30 -5 0 -2 0 0 -30 0 0 -10 0 0 0 -20 0 20 5 2 -1
-0.6802828845261524: 50 0 30 -2 10 -2 2 5 10 30 -5 0 -2 50 0 1 0 -50 -5 0 0 50 -50 -20 0 10 10 -20
-0.6883470135522168: 50 0 20 0 10 2 5 5 10 20 -2 0 -20 30 0 0 0 -50 -30 -20 -10 50 -30 -10 -2 10 10 1
-0.6883470135522168: 50 0 20 0 10 2 5 5 10 20 -2 0 -20 30 0 0 0 -50 -30 -20 -10 50 -30 -10 -2 10 10 1
-0.6883470135522168: 50 0 20 0 10 2 5 5 10 20 -2 0 -20 30 0 0 0 -50 -30 -20 -10 50 -30 -10 -2 10 10 1
-0.6883470135522168: 50 0 20 0 10 2 5 5 10 20 -2 0 -20 30 0 0 0 -50 -30 -20 -10 50 -30 -10 -2 10 10 1
-0.6883470135522168: 50 0 20 0 10 2 5 5 10 20 -2 0 -20 30 0 0 0 -50 -30 -20 -10 50 -30 -10 -2 10 10 1
-0.6883470135522168: 50 0 20 0 10 2 5 5 10 20 -2 0 -20 30 0 0 0 -50 -30 -20 -10 50 -30 -10 -2 10 10 1
-0.6883470135522168: 50 0 20 0 10 2 5 5 10 20 -2 0 -20 30 0 0 0 -50 -30 -20 -10 50 -30 -10 -2 10 10 1
