TrainingAccuracy: 0.862
TestAccuracy: 0.7887811164620497
infeasible
infeasible
infeasible
infeasible
infeasible
no_sol
no_sol
no_sol
0.06698187549251378: 0 0 0 0 -50 0 0 -50 50 5 0 -30 0 30 0 -30 -20 0 0 0 0 -1
-0.031126871552403457: 0 -2 0 0 -50 0 0 -30 2 50 0 -50 10 20 0 -20 0 0 0 0 0 -1
-0.08195429472025217: -20 0 0 -10 -50 0 0 0 50 50 0 -50 0 0 0 -20 30 0 -50 0 -30 -2
-0.08195429472025217: -20 0 0 -10 -50 0 0 0 50 50 0 -50 0 0 0 -20 30 0 -50 0 -30 -2
-0.08195429472025217: -20 0 0 -10 -50 0 0 0 50 50 0 -50 0 0 0 -20 30 0 -50 0 -30 -2
-0.08195429472025217: -20 0 0 -10 -50 0 0 0 50 50 0 -50 0 0 0 -20 30 0 -50 0 -30 -2
-0.08195429472025217: -20 0 0 -10 -50 0 0 0 50 50 0 -50 0 0 0 -20 30 0 -50 0 -30 -2
-0.1485421591804571: -20 -2 0 0 -30 0 0 -2 50 30 -20 -30 5 0 5 -20 5 0 -30 20 -30 -2
-0.16706067769897565: -20 -2 0 0 -30 0 -30 -2 50 30 -20 -30 5 0 5 -20 5 0 -30 20 -30 -2
-0.16706067769897565: -20 -2 0 0 -30 0 -30 -2 50 30 -20 -30 5 0 5 -20 5 0 -30 20 -30 -2
-0.16706067769897565: -20 -2 0 0 -30 0 -30 -2 50 30 -20 -30 5 0 5 -20 5 0 -30 20 -30 -2
-0.16706067769897565: -20 -2 0 0 -30 0 -30 -2 50 30 -20 -30 5 0 5 -20 5 0 -30 20 -30 -2
-0.16706067769897565: -20 -2 0 0 -30 0 -30 -2 50 30 -20 -30 5 0 5 -20 5 0 -30 20 -30 -2
-0.18833727344365642: -20 -2 0 -5 -30 0 -20 0 50 30 -20 -30 10 0 10 -20 5 -2 -30 20 -30 -2
