TrainingAccuracy: 0.808
TestAccuracy: 0.7850844468561351
infeasible
infeasible
infeasible
no_sol
no_sol
no_sol
-0.03803533992213237: 0 0 0 0 -2 10 0 0 30 0 0 30 0 0 0 0 0 0 5 10 0 -50
-0.1533393231506439: 0 0 0 0 -20 0 0 -20 50 -10 0 0 0 20 0 -20 0 0 0 0 -10 -1
-0.18598382749326148: 0 0 0 0 -30 1 0 -2 50 0 0 0 30 0 0 0 20 10 0 0 -5 -50
-0.19287211740041932: 2 0 0 0 0 -20 0 -30 20 0 0 20 2 0 0 -2 0 0 0 2 -10 -1
-0.23959269242288112: 5 0 0 0 -20 -2 0 2 50 0 0 0 50 -30 0 0 0 0 5 20 -20 -50
-0.29410002994908657: 2 0 0 0 5 -20 0 -30 20 -2 0 30 5 0 0 -20 0 0 0 2 -20 -1
-0.3219526804432465: 2 -10 0 0 0 -20 0 -30 20 0 20 10 20 -30 0 -2 0 0 5 0 -5 -1
-0.3686732554657083: 0 0 0 0 -10 5 0 5 30 0 2 0 30 -30 2 -2 0 2 5 5 -20 -20
-0.3776579814315663: 5 -30 0 0 -20 1 0 -2 50 0 10 5 50 -30 0 -5 10 20 0 0 -30 -30
-0.4132973944294699: 0 0 0 5 -2 -20 -10 -30 30 -5 20 5 20 -20 0 0 -5 2 0 2 -20 -1
-0.42917041030248576: 0 -10 0 5 -5 -20 -10 -30 30 0 20 0 30 -30 5 0 -5 2 -2 2 -20 -1
-0.42917041030248576: 0 -10 0 5 -5 -20 -10 -30 30 0 20 0 30 -30 5 0 -5 2 -2 2 -20 -1
-0.44504342617550163: -2 -10 0 2 -5 -20 -30 -30 30 0 20 0 30 -30 5 -2 -5 2 -2 5 -20 -1
-0.44504342617550163: -2 -10 0 2 -5 -20 -30 -30 30 0 20 0 30 -30 5 -2 -5 2 -2 5 -20 -1
-0.44504342617550163: -2 -10 0 2 -5 -20 -30 -30 30 0 20 0 30 -30 5 -2 -5 2 -2 5 -20 -1
-0.44504342617550163: -2 -10 0 2 -5 -20 -30 -30 30 0 20 0 30 -30 5 -2 -5 2 -2 5 -20 -1
