TrainingAccuracy: 0.702
TestAccuracy: 0.6621983914209115
infeasible
infeasible
infeasible
infeasible
infeasible
infeasible
infeasible
infeasible
no_sol
no_sol
no_sol
0.18433894942319073: 50 0 5 10 0 0 -30 0 20 -10 0 0 -50 0 0 0 0 0 0 0 50 0 -20 0 0 50 -30 -1
0.15285044560712974: 50 2 20 20 0 0 0 0 30 -5 0 0 -50 0 0 2 0 0 -50 0 0 0 0 -20 30 20 2 0
0.11995391926270826: 50 0 5 2 0 0 -10 5 5 -5 0 0 -20 0 0 0 0 0 0 0 50 0 -5 2 0 20 -10 -1
0.1039856637706203: 50 0 10 5 0 0 -10 0 10 -10 0 0 -30 0 -5 -1 0 -50 0 0 30 0 -10 2 0 30 -20 0
0.06526504424070784: 50 0 30 30 0 0 10 -20 30 -30 0 50 -50 0 0 -30 0 0 0 0 50 0 0 -30 2 50 -10 -1
0.06526504424070784: 50 0 30 30 0 0 10 -20 30 -30 0 50 -50 0 0 -30 0 0 0 0 50 0 0 -30 2 50 -10 -1
0.05723291572665162: 50 0 30 30 0 2 5 -20 30 -30 0 50 -50 0 0 -30 0 0 0 0 50 0 -5 -30 5 50 -10 -1
0.05723291572665162: 50 0 30 30 0 2 5 -20 30 -30 0 50 -50 0 0 -30 0 0 0 0 50 0 -5 -30 5 50 -10 -1
0.01694427110833774: 50 0 20 20 0 2 10 -20 -2 -20 0 30 -30 0 -2 0 20 -30 0 0 5 0 -5 -20 5 30 -10 1
0.01694427110833774: 50 0 30 30 0 2 20 -30 -2 -30 0 50 -50 0 -2 2 30 -50 0 0 20 0 -5 -30 2 50 -20 -1
0.01694427110833774: 50 0 30 30 0 2 20 -30 -2 -30 0 50 -50 0 -2 2 30 -50 0 0 20 0 -5 -30 2 50 -20 -1
0.01598425574809198: 50 -10 -10 2 -20 -5 -50 2 30 -30 -2 0 -50 -2 -5 1 0 0 -5 5 30 0 -30 0 -5 50 -5 30
0.01598425574809198: 50 -10 -10 2 -20 -5 -50 2 30 -30 -2 0 -50 -2 -5 1 0 0 -5 5 30 0 -30 0 -5 50 -5 30
0.01598425574809198: 50 -10 -10 2 -20 -5 -50 2 30 -30 -2 0 -50 -2 -5 1 0 0 -5 5 30 0 -30 0 -5 50 -5 30
0.01598425574809198: 50 -10 -10 2 -20 -5 -50 2 30 -30 -2 0 -50 -5 -5 1 0 -50 -5 5 50 30 -20 10 5 50 -5 20
0.01598425574809198: 50 -10 -10 2 -20 -5 -50 2 30 -30 -2 0 -50 -2 -5 1 30 30 -5 5 30 30 -30 0 -5 50 -5 30
0.01598425574809198: 50 -10 -10 2 -20 -5 -50 2 30 -30 -2 0 -50 -2 -5 20 50 -50 -2 10 50 50 -20 10 5 50 -5 -2
