TrainingAccuracy: 0.872
TestAccuracy: 0.8150088893047628
infeasible
infeasible
infeasible
infeasible
infeasible
infeasible
no_sol
no_sol
no_sol
no_sol
-0.24332171893147506: 0 -10 0 0 0 0 0 -5 10 -10 0 0 0 -30 0 -30 0 0 0 0 5 0 0 0 0 0 0 0 0 0 0 0 0 -10 30 5 -2
-0.3005952380952381: 1 -30 0 0 0 0 0 0 0 -10 0 0 0 -50 20 0 0 0 0 0 20 0 0 -2 -30 0 2 0 -50 -20 0 0 0 0 30 0 0
-0.3358739837398374: 1 -30 0 0 0 0 0 0 0 -20 0 -10 0 -50 20 0 0 0 5 0 30 0 0 0 -30 5 0 0 -30 -20 0 0 0 0 30 0 0
-0.35982868757259: 0 -50 2 2 0 0 0 0 0 -20 0 0 30 -50 0 0 0 -2 0 0 50 0 0 0 -50 0 0 0 -50 -30 0 0 0 -30 50 0 -1
-0.36578106852497094: 0 -50 2 2 0 0 0 0 30 -20 0 0 30 -50 0 0 0 -2 0 0 50 0 0 0 -30 0 0 0 -50 -30 0 0 0 -30 50 0 -1
-0.37173344947735193: 0 -50 2 2 0 0 0 0 30 -20 0 0 30 -50 0 0 0 -2 0 0 50 0 50 0 -30 0 0 0 -50 -30 0 0 0 -30 50 0 -1
-0.37173344947735193: 0 -50 2 2 0 0 0 0 30 -20 0 0 30 -50 0 0 0 -2 0 0 50 0 50 0 -30 0 0 0 -50 -30 0 0 0 -30 50 0 -1
-0.37797619047619047: 0 -30 10 0 0 2 20 0 10 -10 2 10 20 -30 0 0 0 -2 0 0 0 -20 0 -30 -20 0 5 0 -50 0 0 0 0 0 30 0 -1
-0.38392857142857145: 0 -30 10 0 0 2 20 0 10 -10 2 10 30 -30 0 0 0 -2 0 0 0 -20 10 -30 -20 0 5 0 -50 0 0 0 0 0 30 0 -1
-0.398664343786295: 0 0 0 2 0 2 20 -10 10 -10 5 0 30 -50 0 -30 0 -2 0 0 0 -20 0 -30 -20 10 5 0 -50 0 0 0 0 0 50 20 -1
-0.40432636469221833: 0 -10 0 5 -5 2 0 -10 50 -10 -2 0 50 -50 0 0 0 5 10 0 0 -20 0 -50 -5 0 5 0 -50 0 10 0 0 0 50 50 -1
-0.40744773519163763: 0 -20 0 0 0 2 10 -5 30 0 -2 10 50 -20 0 0 0 -5 10 -10 0 -30 0 -30 -50 0 5 0 -50 0 0 20 0 -10 50 20 -1
-0.4105691056910569: 0 -10 10 5 0 0 0 0 30 -10 0 5 50 -30 -2 0 0 -5 5 -20 0 -30 0 -30 -50 0 5 2 -50 0 10 0 2 0 50 20 -1
-0.41340011614401856: 0 -10 0 10 -5 2 0 -10 50 -10 -2 0 50 -50 0 0 0 5 10 0 0 -20 0 -50 -10 0 5 0 -50 0 10 20 0 -10 50 30 -1
-0.41652148664343785: 0 -20 2 10 -5 2 0 -10 10 -10 -5 0 50 -50 0 0 0 5 10 -5 0 -20 0 -30 -10 0 5 0 -50 0 10 20 0 -10 50 30 -1
-0.41652148664343785: 0 -5 5 2 -5 0 0 0 50 -10 -5 20 50 -50 5 0 0 0 5 10 0 -30 0 -50 -30 2 5 50 0 0 10 10 2 2 30 0 -50
-0.4284262485481998: 0 0 10 20 2 2 0 -10 50 -10 -5 0 20 -50 -10 -2 0 -2 0 5 0 -20 -10 -20 -10 0 5 0 -50 0 10 10 0 -10 30 20 -1
-0.4284262485481998: 0 0 10 20 2 2 0 -10 50 -10 -5 0 20 -50 -10 -2 0 -2 0 5 0 -20 -10 -20 -10 0 5 0 -50 0 10 10 0 -10 30 20 -1
-0.43154761904761907: 0 0 10 20 5 2 -2 -10 30 -10 -10 -2 20 -30 -10 -5 0 -5 0 5 2 -20 -10 -20 -10 0 5 0 -50 0 10 10 0 -10 30 20 -1
-0.43154761904761907: 0 0 10 20 5 2 -2 -10 30 -10 -10 -2 20 -30 -10 -5 0 -5 0 5 2 -20 -10 -20 -10 0 5 0 -50 0 10 10 0 -10 30 20 -1
-0.43154761904761907: 0 0 10 20 5 2 -2 -10 30 -10 -10 -2 20 -30 -10 -5 0 -5 0 5 2 -20 -10 -20 -10 0 5 0 -50 0 10 10 0 -10 30 20 -1
-0.43154761904761907: 0 0 10 20 5 2 -2 -10 30 -10 -10 -2 20 -30 -10 -5 0 -5 0 5 2 -20 -10 -20 -10 0 5 0 -50 0 10 10 0 -10 30 20 -1
-0.43154761904761907: 0 0 10 20 5 2 -2 -10 30 -10 -10 -2 20 -30 -10 -5 0 -5 0 5 2 -20 -10 -20 -10 0 5 0 -50 0 10 10 0 -10 30 20 -1
-0.43154761904761907: 0 0 10 20 5 2 -2 -10 30 -10 -10 -2 20 -30 -10 -5 0 -5 0 5 2 -20 -10 -20 -10 0 5 0 -50 0 10 10 0 -10 30 20 -1
-0.43154761904761907: 0 0 10 20 5 2 -2 -10 30 -10 -10 -2 20 -30 -10 -5 0 -5 0 5 2 -20 -10 -20 -10 0 5 0 -50 0 10 10 0 -10 30 20 -1
-0.43154761904761907: 0 0 10 20 5 2 -2 -10 30 -10 -10 -2 20 -30 -10 -5 0 -5 0 5 2 -20 -10 -20 -10 0 5 0 -50 0 10 10 0 -10 30 20 -1
-0.43154761904761907: 0 0 10 20 5 2 -2 -10 30 -10 -10 -2 20 -30 -10 -5 0 -5 0 5 2 -20 -10 -20 -10 0 5 0 -50 0 10 10 0 -10 30 20 -1
