TrainingAccuracy: 0.874
TestAccuracy: 0.8060260129128848
infeasible
infeasible
infeasible
infeasible
infeasible
infeasible
no_sol
no_sol
no_sol
0.005681818181818232: 0 -50 0 0 0 0 0 -50 0 -50 0 0 0 -30 0 0 0 0 0 0 30 0 0 0 -10 0 30 0 0 0 0 0 0 -20 0 5 -1
0.005681818181818232: 0 -50 0 0 0 0 0 -50 0 -50 0 0 0 -30 0 0 0 0 0 0 30 0 0 0 -10 0 30 0 0 0 0 0 0 -20 0 5 -1
-0.5215909090909091: 0 -10 0 0 0 0 0 -2 0 -5 0 0 0 -20 0 5 0 0 0 0 2 0 0 0 0 0 5 0 -5 0 -2 0 0 -5 5 0 -1
-0.7102272727272727: 0 -30 0 0 0 0 0 -5 -2 -5 0 0 0 -5 0 2 0 0 0 0 5 0 0 0 0 0 2 0 -50 0 0 0 0 -10 50 2 -1
-0.7818181818181819: 0 -10 0 0 0 0 0 -5 -5 -5 2 0 0 -5 0 2 0 0 0 0 5 0 0 0 0 0 2 0 -50 0 0 0 0 -10 30 2 -1
-0.8545454545454545: 0 -50 0 0 0 0 0 -2 0 -50 0 0 0 -50 0 30 0 0 0 0 20 0 0 -5 -20 0 30 50 -30 2 0 0 -50 0 30 0 -1
-0.9090909090909091: 0 -50 5 0 0 0 0 -10 0 -30 0 0 0 -50 10 10 0 0 5 0 20 0 0 -20 0 20 30 1 -50 0 0 0 -20 0 10 0 0
-0.9545454545454546: 0 -50 5 0 0 0 0 -10 0 -30 0 0 -20 -30 10 10 0 0 5 0 20 0 0 -20 0 20 30 1 -50 0 0 0 -20 0 50 0 0
-0.9636363636363636: 0 -50 5 0 0 0 0 -10 0 -30 0 0 -20 -30 10 10 0 0 5 0 20 0 0 -20 0 20 30 0 -50 2 20 0 -20 0 50 0 0
-0.9636363636363636: 0 -50 5 0 0 0 0 -10 0 -30 0 0 -20 -30 10 10 0 0 5 0 20 0 0 -20 0 20 30 0 -50 2 20 0 -20 0 50 0 0
-0.9636363636363636: 0 -50 5 0 0 0 0 -10 0 -30 0 0 -20 -30 10 10 0 0 5 0 20 0 0 -20 0 20 30 0 -50 2 20 0 -20 0 50 0 0
-0.9727272727272728: 0 -50 5 0 10 0 0 -10 0 -30 0 0 -20 -30 10 10 0 0 5 0 20 -5 0 -20 0 20 30 -1 -50 2 20 0 -20 0 50 0 0
-0.9727272727272728: 0 -50 5 0 10 0 0 -10 0 -30 0 0 -20 -30 10 10 0 0 5 0 20 -5 0 -20 0 20 30 -1 -50 2 20 0 -20 0 50 0 0
-0.9727272727272728: 0 -50 2 0 10 0 0 -10 0 -20 0 10 -10 -30 20 5 0 0 2 0 20 0 0 -30 -20 -5 0 50 -5 2 20 -20 -50 -30 50 0 0
-0.9818181818181818: 0 -30 2 0 10 0 0 -5 0 -20 0 10 0 -30 20 5 0 0 2 0 20 0 0 -30 -20 -5 0 50 -50 2 20 -20 -30 -20 50 50 -20
-0.9818181818181818: 0 -30 2 0 10 0 0 -5 0 -20 0 10 0 -30 20 5 0 0 2 0 20 0 0 -30 -20 -5 0 50 -50 2 20 -20 -30 -20 50 50 -20
-0.9818181818181818: 0 -30 2 0 10 0 0 -5 0 -20 0 10 0 -30 20 5 0 0 2 0 20 0 0 -30 -20 -5 0 50 -50 2 20 -20 -30 -20 50 50 -20
-0.9818181818181818: 0 -30 2 0 10 0 0 -5 0 -20 0 10 0 -30 20 5 0 0 2 0 20 0 0 -30 -20 -5 0 50 -50 2 20 -20 -30 -20 50 50 -20
-0.990909090909091: 20 -50 2 2 10 0 0 -10 0 -20 30 10 -20 -30 20 5 0 0 2 -5 20 0 0 -30 -30 -5 2 50 -50 2 20 0 -20 -5 50 0 -50
-0.990909090909091: 20 -50 2 2 10 0 0 -10 0 -20 30 10 -20 -30 20 5 0 0 2 -5 20 0 0 -30 -30 -5 2 50 -50 2 20 0 -20 -5 50 0 -50
-0.990909090909091: 20 -50 2 2 10 0 0 -10 0 -20 30 10 -20 -30 20 5 0 0 2 -5 20 0 0 -30 -30 -5 2 50 -50 2 20 0 -20 -5 50 0 -50
-0.990909090909091: 20 -50 2 2 10 0 0 -10 0 -20 30 10 -20 -30 20 5 0 0 2 -5 20 0 0 -30 -30 -5 2 50 -50 2 20 0 -20 -5 50 0 -50
-0.990909090909091: 20 -50 2 2 10 0 0 -10 0 -20 30 10 -20 -30 20 5 0 0 2 -5 20 0 0 -30 -30 -5 2 50 -50 2 20 0 -20 -5 50 0 -50
-0.990909090909091: 20 -50 2 2 10 0 0 -10 0 -20 30 10 -20 -30 20 5 0 0 2 -5 20 0 0 -30 -30 -5 2 50 -50 2 20 0 -20 -5 50 0 -50
-1.0: -1 -20 2 0 5 10 5 2 -1 -20 0 2 -10 -30 10 5 0 -5 2 -10 10 -10 0 -30 -10 1 10 30 -50 2 20 -10 -20 -10 50 30 -10
-1.0: -1 -20 2 0 5 10 5 2 -1 -20 0 2 -10 -30 10 5 0 -5 2 -10 10 -10 0 -30 -10 1 10 30 -50 2 20 -10 -20 -10 50 30 -10
-1.0: 1 -50 -2 0 2 5 5 -10 -10 -10 20 20 -10 -20 20 2 0 -2 5 -1 5 -20 -30 -50 -10 -5 5 50 -50 -10 2 -30 -30 -10 50 50 -5
-1.0: 1 -50 -2 0 2 5 5 -10 -10 -10 20 20 -10 -20 20 2 0 -2 5 -1 5 -20 -30 -50 -10 -5 5 50 -50 -10 2 -30 -30 -10 50 50 -5
