TrainingAccuracy: 0.84
TestAccuracy: 0.7918673268669877
infeasible
infeasible
infeasible
infeasible
no_sol
no_sol
no_sol
0.20679819749877643: 0 0 0 0 0 -30 0 -20 30 20 0 20 0 0 0 0 0 0 -5 0 -30 1
0.20679819749877643: 0 0 0 0 0 -30 0 -20 30 20 0 20 0 0 0 0 0 0 -5 0 -30 1
0.0851124875529527: -20 20 0 0 0 -50 0 -30 50 0 0 0 0 0 30 -30 0 0 10 0 -10 -2
0.05002447216080742: -1 5 0 0 0 -1 30 1 50 0 0 -2 0 30 5 -5 0 0 0 0 0 -50
-0.00045568851158629686: -30 0 0 0 -50 0 0 -2 50 -20 -10 50 -50 50 0 -50 0 0 0 0 20 -30
-0.00045568851158629686: -30 0 0 0 -50 0 0 -2 50 -20 -10 50 -50 50 0 -50 0 0 0 0 20 -30
-0.00045568851158629686: -30 0 0 0 -50 0 0 -2 50 -20 -10 50 -50 50 0 -50 0 0 0 0 20 -30
-0.031695667583669485: -10 0 0 0 -2 0 20 1 30 -5 0 10 -30 30 2 -10 1 0 0 5 5 -30
-0.031695667583669485: -10 0 0 0 -2 0 20 1 30 -5 0 10 -30 30 2 -10 1 0 0 5 5 -30
-0.05449697051526557: -50 -5 0 0 -20 -50 -30 -30 50 -20 0 50 -30 30 5 -50 0 -10 0 10 30 -2
-0.05449697051526557: -50 -5 0 0 -20 -50 -30 -30 50 -20 0 50 -30 30 5 -50 0 -10 0 10 30 -2
-0.05449697051526557: -50 -5 0 0 -20 -50 -30 -30 50 -20 0 50 -30 30 5 -50 0 -10 0 10 30 -2
-0.057163592175659486: -50 -10 -50 0 -5 -50 -30 -30 50 -20 0 30 -20 30 5 -30 0 -10 0 10 30 -2
-0.06678368297581475: -50 -10 0 -5 -2 -50 -20 -30 50 -20 5 20 -20 30 0 -30 -2 -20 5 20 30 -2
-0.06678368297581475: -50 -10 0 -5 -2 -50 -20 -30 50 -20 5 20 -20 30 0 -30 -2 -20 5 20 30 -2
