TrainingAccuracy: 0.71
TestAccuracy: 0.6589216562406911
no_sol
no_sol
no_sol
0.28002003721196506: 0 0 0 0 0 0 0 0 0 0 0 0 0 0 0 0 0 0 -2 50 0 0 0 0 30 0 -30 0
0.2654214970659797: 0 0 0 0 0 0 0 0 0 0 0 0 0 0 0 -20 0 0 0 50 -20 0 0 0 30 0 -20 0
0.12043795620437958: 0 0 0 0 0 -30 0 0 0 0 10 0 0 0 0 0 0 0 0 50 0 0 0 0 20 50 0 -1
0.06161442679261486: 0 0 0 0 0 -30 0 0 0 0 30 0 0 0 0 -2 0 0 0 50 -20 0 0 0 50 0 -20 0
-0.033705452984113426: 0 30 -20 2 0 0 0 0 0 -10 0 0 0 0 0 0 0 0 -1 50 0 0 0 0 10 2 0 0
-0.045584657220552494: 0 5 -5 0 2 -20 0 0 0 -5 0 0 0 0 0 0 0 0 2 30 0 0 0 0 20 2 0 0
-0.08315442965507369: 0 0 -5 0 0 -5 -20 2 0 -30 0 0 0 0 0 0 0 0 2 20 0 0 0 20 50 2 0 0
-0.1609417489623587: 0 30 -30 0 0 -10 -50 0 30 -30 30 0 0 0 0 0 0 0 0 50 0 0 -50 0 50 0 0 -2
-0.19994275082295687: 0 30 -30 0 0 -10 -30 0 20 -30 20 0 0 0 0 0 50 0 -5 20 0 0 -30 0 50 0 0 0
-0.22184056104193495: 0 20 -30 0 0 -20 -20 0 2 -30 10 0 0 0 0 0 0 0 -1 50 -20 0 0 20 30 30 0 0
-0.2583369114068985: 0 50 -50 0 0 -20 -50 0 30 -50 30 50 0 0 0 0 50 0 0 30 -50 0 -50 0 30 50 0 0
-0.2583369114068985: 0 50 -50 0 0 -20 -50 0 30 -50 30 50 0 0 0 0 50 0 0 30 -50 0 -50 0 30 50 0 0
-0.2583369114068985: 0 50 -50 0 0 -20 -50 0 30 -50 30 50 0 0 0 0 50 0 0 30 -50 0 -50 0 30 50 0 0
-0.2804494060397882: 0 20 -10 0 -2 -5 -30 0 5 -30 0 20 10 0 -20 1 50 0 0 5 -10 0 0 10 30 10 0 0
-0.2831687419493344: 0 50 -20 0 30 -30 0 -20 -5 -50 30 0 50 0 2 0 50 0 -1 30 -10 0 -50 0 50 10 5 0
-0.3002719335909546: 0 50 -20 0 30 -30 -10 -10 -10 -50 30 0 50 0 2 -1 50 0 5 30 0 0 -50 0 50 10 5 0
-0.3123658222413052: 0 5 -5 5 -5 -10 -30 0 2 -30 0 30 10 0 -5 0 50 0 20 30 0 0 -20 -2 20 10 2 -1
-0.3294690138829255: 0 30 -10 10 10 -10 -2 -20 5 -50 -10 20 0 0 -20 0 50 0 20 30 0 0 -30 -5 20 10 2 -1
-0.3294690138829255: 0 30 -10 10 10 -10 -2 -20 5 -50 -10 20 0 0 -20 0 50 0 20 30 0 0 -30 -5 20 10 2 -1
-0.346357521110634: 5 20 -10 -10 20 -30 5 -2 -2 -50 -10 0 -5 -2 -30 2 50 0 0 30 0 0 5 30 50 -10 -5 1
-0.3584514097609847: 10 20 -10 -10 20 -30 5 -2 -5 -30 10 30 20 0 -5 -2 50 0 -5 30 0 0 -2 20 50 -20 -2 -2
-0.3584514097609847: 10 20 -10 -10 20 -30 5 -2 -5 -30 10 30 20 0 -5 -2 50 0 -5 30 0 0 -2 20 50 -20 -2 -2
-0.3584514097609847: 10 20 -10 -10 20 -30 5 -2 -5 -30 10 30 20 0 -5 -2 50 0 -5 30 0 0 -2 20 50 -20 -2 -2
-0.3584514097609847: 10 20 -10 -10 20 -30 5 -2 -5 -30 10 30 20 0 -5 -2 50 0 -5 30 0 0 -2 20 50 -20 -2 -2
-0.3584514097609847: 10 20 -10 -10 20 -30 5 -2 -5 -30 10 30 20 0 -5 -2 50 0 -5 30 0 0 -2 20 50 -20 -2 -2
