TrainingAccuracy: 0.874
TestAccuracy: 0.8060260129128848
infeasible
infeasible
infeasible
infeasible
no_sol
no_sol
0.050000000000000044: 0 -50 0 0 0 0 0 0 0 -30 0 0 0 -30 0 0 0 0 0 0 50 0 0 0 0 0 50 0 0 0 0 0 -30 -30 0 0 0
-0.3159090909090909: -5 -50 0 0 0 0 0 -30 0 -50 0 0 0 -50 0 0 0 0 0 0 0 0 0 -30 0 0 50 30 0 0 0 0 0 0 0 0 0
-0.7363636363636363: 0 -20 0 0 0 0 0 -20 0 -20 0 0 0 -10 0 0 0 0 0 0 10 0 0 0 0 0 20 -1 -50 0 0 0 0 0 30 0 0
-0.7727272727272727: 0 -20 0 0 0 0 0 -20 0 -20 0 0 0 -2 0 20 0 0 0 0 2 0 0 0 0 0 20 0 -50 0 0 0 0 0 30 0 -1
-0.8363636363636363: 1 0 20 0 0 0 0 -20 0 -2 0 0 0 -20 0 0 0 -20 0 0 0 -20 0 -30 0 0 10 0 -50 0 0 0 0 0 50 0 0
-0.8727272727272727: 0 0 10 0 0 0 0 -30 0 -10 0 0 0 -10 10 0 0 -2 0 0 0 -5 0 -30 0 0 20 1 -50 0 0 0 0 0 30 0 0
-0.8909090909090909: 0 -50 0 0 0 0 0 0 0 -30 0 0 0 -30 10 10 0 0 0 0 20 0 0 -20 0 0 20 30 -50 0 0 0 -20 0 50 0 -1
-0.9: 0 -50 0 0 0 0 0 0 0 -30 0 0 0 -30 10 20 0 0 0 0 20 0 0 -20 0 0 20 30 -50 0 10 0 -20 0 50 0 -1
-0.9454545454545454: 1 -30 5 0 0 0 0 0 0 -30 0 0 0 -50 0 0 0 -10 -2 0 20 0 0 -20 -20 0 10 30 -50 0 0 0 -20 0 50 0 0
-0.9636363636363636: 0 -30 0 0 0 0 0 -5 0 -30 0 0 -30 -50 10 10 0 0 10 0 20 0 0 -20 0 20 30 1 -50 0 0 0 -20 0 50 0 0
-0.9818181818181818: 0 -50 0 0 20 0 0 -20 0 -30 0 0 -30 -50 10 10 0 0 10 0 50 30 0 0 -30 0 20 1 -50 0 0 0 -30 0 50 0 0
-0.9818181818181818: 0 -50 0 0 10 0 0 -20 0 -30 0 0 -30 -50 10 10 0 0 10 0 50 30 0 10 -30 0 20 1 -50 0 0 0 -30 0 50 0 0
-0.990909090909091: 5 -50 0 0 10 0 0 -20 0 -30 0 0 -30 -50 10 10 0 0 10 0 20 0 0 -20 -30 0 20 30 -50 0 30 0 -30 0 50 0 0
-0.990909090909091: 0 -50 0 0 20 0 0 -20 0 -30 0 0 -30 -50 20 10 0 0 10 0 0 -20 0 -50 -30 0 20 50 -50 0 30 -10 -30 0 50 0 2
-0.990909090909091: 0 -50 0 0 20 0 0 -20 0 -30 0 0 -30 -50 20 10 0 0 10 0 0 -20 0 -50 -30 0 20 50 -50 0 30 -10 -30 0 50 0 2
-1.0: -1 -30 0 0 5 0 0 -20 0 -20 30 5 0 -30 20 0 0 -2 0 0 2 -20 0 -50 -30 -10 0 50 -50 10 30 0 -30 0 50 50 0
-1.0: 0 -30 0 0 2 0 0 -10 0 -20 0 2 0 -30 10 2 0 0 2 0 20 0 0 -20 -30 -10 0 50 -50 -20 -2 -30 -20 -5 50 50 -1
-1.0: 0 -30 0 0 2 0 0 -10 0 -20 0 2 0 -30 10 2 0 0 2 0 20 0 0 -20 -30 -10 0 50 -50 -20 -2 -30 -20 -5 50 50 -1
-1.0: 0 -30 0 0 2 0 0 -10 0 -20 0 2 0 -30 10 2 0 0 2 0 20 0 0 -20 -30 -10 0 50 -50 -20 -2 -30 -20 -5 50 50 -1
-1.0: 0 -30 0 0 2 0 0 -10 0 -20 0 2 0 -30 10 2 0 0 2 0 20 0 0 -20 -30 -10 0 50 -50 -20 -2 -30 -20 -5 50 50 -1
-1.0: 0 -30 0 0 2 0 0 -10 0 -20 0 2 0 -30 10 2 0 0 2 0 20 0 0 -20 -30 -10 0 50 -50 -20 -2 -30 -20 -5 50 50 -1
-1.0: 0 -30 0 0 2 0 0 -10 0 -20 0 2 0 -30 10 2 0 0 2 0 20 0 0 -20 -30 -10 0 50 -50 -20 -2 -30 -20 -5 50 50 -1
-1.0: 0 -30 0 0 2 0 0 -10 0 -20 0 2 0 -30 10 2 0 0 2 0 20 0 0 -20 -30 -10 0 50 -50 -20 -2 -30 -20 -5 50 50 -1
-1.0: 0 -30 0 0 2 0 0 -10 0 -20 0 2 0 -30 10 2 0 0 2 0 20 0 0 -20 -30 -10 0 50 -50 -20 -2 -30 -20 -5 50 50 -1
-1.0: 0 -30 0 0 2 0 0 -10 0 -20 0 2 0 -30 10 2 0 0 2 0 20 0 0 -20 -30 -10 0 50 -50 -20 -2 -30 -20 -5 50 50 -1
-1.0: 0 -30 0 0 2 0 0 -10 0 -20 0 2 0 -30 10 2 0 0 2 0 20 0 0 -20 -30 -10 0 50 -50 -20 -2 -30 -20 -5 50 50 -1
-1.0: 0 -30 0 0 2 0 0 -10 0 -20 0 2 0 -30 10 2 0 0 2 0 20 0 0 -20 -30 -10 0 50 -50 -20 -2 -30 -20 -5 50 50 -1
-1.0: 0 -30 0 0 2 0 0 -10 0 -20 0 2 0 -30 10 2 0 0 2 0 20 0 0 -20 -30 -10 0 50 -50 -20 -2 -30 -20 -5 50 50 -1
-1.0: 0 -30 0 0 2 0 0 -10 0 -20 0 2 0 -30 10 2 0 0 2 0 20 0 0 -20 -30 -10 0 50 -50 -20 -2 -30 -20 -5 50 50 -1
-1.0: 0 -30 0 0 2 0 0 -10 0 -20 0 2 0 -30 10 2 0 0 2 0 20 0 0 -20 -30 -10 0 50 -50 -20 -2 -30 -20 -5 50 50 -1
-1.0: 0 -30 0 0 2 0 0 -10 0 -20 0 2 0 -30 10 2 0 0 2 0 20 0 0 -20 -30 -10 0 50 -50 -20 -2 -30 -20 -5 50 50 -1
