TrainingAccuracy: 0.706
TestAccuracy: 0.6520703008638665
no_sol
no_sol
no_sol
no_sol
no_sol
no_sol
no_sol
no_sol
no_sol
no_sol
no_sol
0.1328362330847832: 50 0 5 10 0 0 -30 0 20 -10 0 0 -50 0 0 0 0 0 0 0 50 0 -20 0 0 50 -30 -1
0.07069870201601758: 50 2 20 20 0 0 0 0 30 -5 0 0 -50 0 0 2 0 0 -50 0 0 0 0 -20 30 20 2 0
0.06572769953051649: 50 0 5 2 0 0 -10 5 5 -5 0 0 -20 0 0 0 0 0 0 0 50 0 -5 2 0 20 -10 -1
0.05868544600938974: 50 0 10 5 0 0 -10 0 10 -10 0 0 -30 0 -5 -1 0 -50 0 0 30 0 -10 2 0 30 -20 0
-0.037696768848384465: 50 0 30 30 0 0 10 -20 30 -30 0 50 -50 0 0 -30 0 0 0 0 50 0 0 -30 2 50 -10 -1
-0.037696768848384465: 50 0 30 30 0 0 10 -20 30 -30 0 50 -50 0 0 -30 0 0 0 0 50 0 0 -30 2 50 -10 -1
-0.04750069041701188: 50 0 30 30 0 2 5 -20 30 -30 0 50 -50 0 0 -30 0 0 0 0 50 0 -5 -30 5 50 -10 -1
-0.04750069041701188: 50 0 30 30 0 2 5 -20 30 -30 0 50 -50 0 0 -30 0 0 0 0 50 0 -5 -30 5 50 -10 -1
-0.11888980944490479: 50 0 20 20 0 2 10 -20 -2 -20 0 30 -30 0 -2 0 20 -30 0 0 5 0 -5 -20 5 30 -10 1
-0.11888980944490479: 50 0 20 20 0 2 10 -20 -2 -20 0 30 -30 0 -2 0 20 -30 0 0 5 0 -5 -20 5 30 -10 1
-0.11888980944490479: 50 0 20 20 0 2 10 -20 -2 -20 0 30 -30 0 -2 0 20 -30 0 0 5 0 -5 -20 5 30 -10 1
-0.11888980944490479: 50 0 20 20 0 2 10 -20 -2 -20 0 30 -30 0 -2 0 20 -30 0 0 5 0 -5 -20 5 30 -10 1
-0.11888980944490479: 50 0 20 20 0 2 10 -20 -2 -20 0 30 -30 0 -2 0 20 -30 0 0 5 0 -5 -20 5 30 -10 1
-0.11888980944490479: 50 0 20 20 0 2 10 -20 -2 -20 0 30 -30 0 -2 0 20 -30 0 0 5 0 -5 -20 5 30 -10 1
-0.11888980944490479: 50 0 20 20 0 2 10 -20 -2 -20 0 30 -30 0 -2 0 20 -30 0 0 5 0 -5 -20 5 30 -10 1
-0.11888980944490479: 50 0 20 20 0 2 10 -20 -2 -20 0 30 -30 0 -2 0 20 -30 0 0 5 0 -5 -20 5 30 -10 1
-0.11888980944490479: 50 0 20 20 0 2 10 -20 -2 -20 0 30 -30 0 -2 0 20 -30 0 0 5 0 -5 -20 5 30 -10 1
