TrainingAccuracy: 0.858
TestAccuracy: 0.7901037780641661
infeasible
infeasible
infeasible
infeasible
no_sol
no_sol
no_sol
-0.009737678855325907: 0 0 0 0 -50 0 0 -50 30 50 -30 0 0 30 0 0 -30 0 0 0 0 -1
-0.016494435612082664: 0 0 0 0 -50 0 0 -50 50 20 -30 0 0 30 0 -30 -20 0 0 0 0 -1
-0.020204027556968734: 0 0 0 0 -50 0 0 -30 5 50 -30 0 0 30 0 -2 -2 0 -20 0 0 -2
-0.03457869634340223: 0 -5 0 -2 -50 0 0 -50 5 50 -5 0 0 5 0 0 -5 0 0 0 2 -1
-0.035241123476417585: 10 -10 0 0 -50 -10 0 -50 20 50 -30 0 0 30 0 0 0 0 -20 0 10 -5
-0.035241123476417585: 10 -10 0 0 -50 -10 0 -50 20 50 -30 0 0 30 0 0 0 0 -20 0 10 -5
-0.041335453100158986: 0 -2 0 2 -50 0 0 -50 10 50 -50 0 0 50 0 -2 -2 0 -2 -2 5 -10
-0.06770005299417065: 0 0 0 5 -50 -2 0 -50 50 20 20 -30 0 50 0 -2 -30 -30 0 20 30 -50
-0.06770005299417065: 0 0 0 5 -50 -2 0 -50 50 20 20 -30 0 50 0 -2 -30 -30 0 20 30 -50
-0.06770005299417065: 0 0 0 5 -50 -2 0 -50 50 20 20 -30 0 50 0 -2 -30 -30 0 20 30 -50
-0.07008479067302598: -1 -20 0 0 -20 -20 -30 -50 30 -5 20 -5 -10 20 -10 -10 0 0 -20 10 20 -1
-0.07935877053524112: 10 -5 0 2 -30 2 5 -30 30 20 5 -20 30 0 -10 2 -20 0 -10 10 20 -30
-0.07968998410174881: 10 0 0 5 -30 -2 20 -50 50 30 10 -50 30 30 -10 20 -30 -30 -5 20 30 -50
-0.0857843137254902: 5 0 0 1 -30 -1 -10 -50 50 30 2 -30 30 20 -5 -10 -30 -2 -10 20 30 -50
-0.0857843137254902: 5 0 0 1 -30 -1 -10 -50 50 30 2 -30 30 20 -5 -10 -30 -2 -10 20 30 -50
