TrainingAccuracy: 0.848
TestAccuracy: 0.7956318252730109
no_sol
no_sol
no_sol
no_sol
no_sol
no_sol
0.013482280431432958: -5 -5 0 0 0 0 0 0 2 0 0 0 10 0 0 -5 0 0 -5 0 0 -1
0.0019260400616332718: 0 0 0 10 0 -1 0 -1 30 0 0 0 20 0 0 -10 0 0 -10 0 0 -30
0.0019260400616332718: -2 -2 0 1 0 0 0 0 50 0 0 0 10 0 -5 -2 0 0 -2 0 0 -50
-0.12249614791987673: -30 -30 0 2 0 0 0 0 50 -1 0 0 30 0 0 -20 0 0 10 0 10 -50
-0.12249614791987673: -30 -30 0 2 0 0 0 0 50 -1 0 0 30 0 0 -20 0 0 10 0 10 -50
-0.14522342064714944: -30 -30 0 2 -2 0 0 0 50 -1 0 0 30 0 0 -20 2 0 10 0 10 -50
-0.32126348228043144: -1 -1 0 1 -10 0 0 0 10 0 0 0 10 10 0 -2 -5 0 2 5 20 -30
-0.32126348228043144: -1 -1 0 1 -10 0 0 0 10 0 0 0 10 10 0 -2 -5 0 2 5 20 -30
-0.32126348228043144: -1 -1 0 1 -10 0 0 0 10 0 0 0 10 10 0 -2 -5 0 2 5 20 -30
-0.32126348228043144: -1 -1 0 1 -10 0 0 0 10 0 0 0 10 10 0 -2 -5 0 2 5 20 -30
-0.32126348228043144: -1 -1 0 1 -10 0 0 0 10 0 0 0 10 10 0 -2 -5 0 2 5 20 -30
-0.3266563944530046: -30 -20 -50 -5 0 -2 0 -1 30 30 -20 10 0 10 0 -5 -20 0 5 20 30 -50
-0.3266563944530046: -30 -20 -50 -5 0 -2 0 -1 30 30 -20 10 0 10 0 -5 -20 0 5 20 30 -50
-0.3266563944530046: -30 -20 -50 -5 0 -2 0 -1 30 30 -20 10 0 10 0 -5 -20 0 5 20 30 -50
-0.3266563944530046: -30 -20 -50 -5 0 -2 0 -1 30 30 -20 10 0 10 0 -5 -20 0 5 20 30 -50
-0.3266563944530046: -30 -20 -50 -5 0 -2 0 -1 30 30 -20 10 0 10 0 -5 -20 0 5 20 30 -50
