TrainingAccuracy: 0.868
TestAccuracy: 0.8180655625214435
infeasible
infeasible
infeasible
infeasible
infeasible
infeasible
no_sol
no_sol
no_sol
no_sol
no_sol
no_sol
-0.8717948717948718: 0 0 0 20 -10 5 0 0 0 -30 0 0 0 -50 0 0 0 0 0 0 20 0 0 0 -5 0 0 -1 -50 -10 0 -30 0 0 50 50 0
-0.8717948717948718: 0 0 0 20 -10 5 0 0 0 -30 0 0 0 -50 0 0 0 0 0 0 20 0 0 0 -5 0 0 -1 -50 -10 0 -30 0 0 50 50 0
-0.8803418803418803: 0 0 0 20 0 0 0 -20 0 -2 0 0 0 -50 2 -20 0 0 0 -20 0 -20 0 -20 -2 0 0 0 -50 0 0 -30 0 0 30 30 1
-0.8888888888888888: 0 0 0 20 0 5 0 0 0 -30 0 0 20 -50 -5 -20 0 0 0 0 20 0 0 -5 -5 0 0 -1 -50 -10 0 -50 0 0 50 50 0
-0.905982905982906: 0 10 2 20 0 5 0 -10 0 -30 0 -10 0 -50 5 0 0 0 0 0 20 0 0 0 -20 -10 0 -1 -50 0 0 -30 0 0 30 50 0
-0.905982905982906: 0 10 0 20 0 5 0 -10 0 -30 0 -10 2 -50 5 0 0 0 0 0 20 0 0 0 -10 0 10 -1 -50 -10 0 -50 0 0 30 50 0
-0.905982905982906: 0 10 0 20 0 5 0 -10 0 -30 0 -10 2 -50 5 0 0 0 0 0 20 0 0 0 -10 0 10 -1 -50 -10 0 -50 0 0 30 50 0
-0.9401709401709402: 0 10 0 20 5 0 20 -30 -20 -30 0 0 0 -50 0 0 0 0 0 -30 20 -30 20 -20 5 -10 0 0 -50 0 0 -50 0 0 30 50 2
-0.9401709401709402: 0 10 0 20 5 0 20 -30 -20 -30 0 0 0 -50 0 0 0 0 0 -30 20 -30 20 -20 5 -10 0 0 -50 0 0 -50 0 0 30 50 2
-0.9401709401709402: 0 10 0 20 5 0 20 -30 -20 -30 0 0 0 -50 0 0 0 0 0 -30 20 -30 20 -20 5 -10 0 0 -50 0 0 -50 0 0 30 50 2
-0.9401709401709402: 0 10 0 20 5 0 20 -30 -20 -30 0 0 0 -50 0 0 0 0 0 -30 20 -30 20 -20 5 -10 0 0 -50 0 0 -50 0 0 30 50 2
-0.9401709401709402: 0 10 0 20 5 0 20 -30 -20 -30 0 0 0 -50 0 0 0 0 0 -30 20 -30 20 -20 5 -10 0 0 -50 0 0 -50 0 0 30 50 2
-0.9658119658119658: 0 0 10 20 -5 5 10 -20 0 -20 -10 -5 0 -50 10 -5 0 0 0 -30 20 0 20 -10 -5 0 10 -1 -50 -10 -20 -50 0 0 30 30 0
-0.9658119658119658: 0 0 10 20 -5 5 10 -20 0 -20 -10 -5 0 -50 10 -5 0 0 0 -30 20 0 20 -10 -5 0 10 -1 -50 -10 -20 -50 0 0 30 30 0
-0.9658119658119658: 0 0 10 20 -5 5 10 -20 0 -20 -10 -5 0 -50 10 -5 0 0 0 -30 20 0 20 -10 -5 0 10 -1 -50 -10 -20 -50 0 0 30 30 0
-0.9658119658119658: 0 0 10 20 -5 5 10 -20 0 -20 -10 -5 0 -50 10 -5 0 0 0 -30 20 0 20 -10 -5 0 10 -1 -50 -10 -20 -50 0 0 30 30 0
-0.9658119658119658: 0 0 10 20 -5 5 10 -20 0 -20 -10 -5 0 -50 10 -5 0 0 0 -30 20 0 20 -10 -5 0 10 -1 -50 -10 -20 -50 0 0 30 30 0
-0.9658119658119658: 0 0 10 20 -5 5 10 -20 0 -20 -10 -5 0 -50 10 -5 0 0 0 -30 20 0 20 -10 -5 0 10 -1 -50 -10 -20 -50 0 0 30 30 0
-0.9658119658119658: 0 0 10 20 -5 5 10 -20 0 -20 -10 -5 0 -50 10 -5 0 0 0 -30 20 0 20 -10 -5 0 10 -1 -50 -10 -20 -50 0 0 30 30 0
-0.9658119658119658: 0 0 10 20 -5 5 10 -20 0 -20 -10 -5 0 -50 10 -5 0 0 0 -30 20 0 20 -10 -5 0 10 -1 -50 -10 -20 -50 0 0 30 30 0
-0.9658119658119658: 0 0 10 20 -5 5 10 -20 0 -20 -10 -5 0 -50 10 -5 0 0 0 -30 20 0 20 -10 -5 0 10 -1 -50 -10 -20 -50 0 0 30 30 0
-0.9658119658119658: 0 0 10 20 -5 5 10 -20 0 -20 -10 -5 0 -50 10 -5 0 0 0 -30 20 0 20 -10 -5 0 10 -1 -50 -10 -20 -50 0 0 30 30 0
-0.9658119658119658: 0 0 10 20 -5 5 10 -20 0 -20 -10 -5 0 -50 10 -5 0 0 0 -30 20 0 20 -10 -5 0 10 -1 -50 -10 -20 -50 0 0 30 30 0
-0.9658119658119658: 0 0 10 20 -5 5 10 -20 0 -20 -10 -5 0 -50 10 -5 0 0 0 -30 20 0 20 -10 -5 0 10 -1 -50 -10 -20 -50 0 0 30 30 0
-0.9658119658119658: 0 0 10 20 -5 5 10 -20 0 -20 -10 -5 0 -50 10 -5 0 0 0 -30 20 0 20 -10 -5 0 10 -1 -50 -10 -20 -50 0 0 30 30 0
