TrainingAccuracy: 0.9
TestAccuracy: 0.8140731730139422
no_sol
no_sol
no_sol
no_sol
no_sol
no_sol
no_sol
no_sol
no_sol
no_sol
no_sol
0.14191419141914186: -1 -20 0 0 -50 0 20 0 0 0 0 10 20 0 30 0 0 0 2 0 30 0 0 0 0 0 0 0 0 0 0 0 0 0 20 20 -50
0.14191419141914186: -1 -20 0 0 -50 0 20 0 0 0 0 10 20 0 30 0 0 0 2 0 30 0 0 0 0 0 0 0 0 0 0 0 0 0 20 20 -50
-0.7181518151815182: 0 -30 0 0 0 5 20 0 0 0 0 20 0 0 20 0 0 0 0 0 0 -20 0 -50 -50 -5 0 -1 -30 0 0 0 0 -5 30 20 0
-0.8514851485148515: 0 -30 0 0 0 5 30 -10 0 0 0 20 0 0 20 0 0 0 0 0 0 -20 0 -50 -50 -10 0 -1 -50 0 0 0 0 -5 30 20 0
-0.8613861386138614: 0 -30 0 0 0 30 50 0 0 0 0 20 50 0 20 0 0 0 0 0 20 0 0 -50 -50 0 10 -5 -50 0 0 0 0 -10 50 30 -50
-0.8613861386138614: 0 -30 0 0 0 30 50 0 0 0 0 20 50 0 20 0 0 0 0 0 20 0 0 -50 -50 0 10 -5 -50 0 0 0 0 -10 50 30 -50
-0.900990099009901: 0 2 0 0 0 0 2 -5 0 0 10 30 0 -5 10 -20 0 2 0 0 20 0 0 -50 -50 0 0 0 -50 0 -2 0 -1 -1 50 0 -20
-0.900990099009901: 0 2 0 0 0 0 2 -5 0 0 10 30 0 -5 10 -20 0 2 0 0 20 0 0 -50 -50 0 0 0 -50 0 -2 0 -1 -1 50 0 -20
-0.9108910891089109: 0 5 0 0 0 5 10 0 10 0 10 20 0 -20 30 -10 0 5 0 0 10 0 0 -50 -30 0 0 -1 -50 2 0 0 30 30 30 0 -50
-0.9207920792079208: 0 5 0 2 0 1 10 -1 10 0 10 20 0 -20 30 -10 0 5 0 0 10 0 0 -50 -30 0 0 0 -50 5 0 0 30 30 30 0 -50
-0.9207920792079208: 0 5 0 2 0 1 10 -1 10 0 10 20 0 -20 30 -10 0 5 0 0 10 0 0 -50 -30 0 0 0 -50 5 0 0 30 30 30 0 -50
-0.9207920792079208: 0 5 0 2 0 1 10 -1 10 0 10 20 0 -20 30 -10 0 5 0 0 10 0 0 -50 -30 0 0 0 -50 5 0 0 30 30 30 0 -50
-0.9207920792079208: 0 5 0 2 0 1 10 -1 10 0 10 20 0 -20 30 -10 0 5 0 0 10 0 0 -50 -30 0 0 0 -50 5 0 0 30 30 30 0 -50
-0.9207920792079208: 0 5 0 2 0 1 10 -1 10 0 10 20 0 -20 30 -10 0 5 0 0 10 0 0 -50 -30 0 0 0 -50 5 0 0 30 30 30 0 -50
-0.9207920792079208: 0 5 0 2 0 1 10 -1 10 0 10 20 0 -20 30 -10 0 5 0 0 10 0 0 -50 -30 0 0 0 -50 5 0 0 30 30 30 0 -50
-0.9207920792079208: 0 5 0 2 0 1 10 -1 10 0 10 20 0 -20 30 -10 0 5 0 0 10 0 0 -50 -30 0 0 0 -50 5 0 0 30 30 30 0 -50
-0.9207920792079208: 0 5 0 2 0 1 10 -1 10 0 10 20 0 -20 30 -10 0 5 0 0 10 0 0 -50 -30 0 0 0 -50 5 0 0 30 30 30 0 -50
-0.9207920792079208: 0 5 0 2 0 1 10 -1 10 0 10 20 0 -20 30 -10 0 5 0 0 10 0 0 -50 -30 0 0 0 -50 5 0 0 30 30 30 0 -50
-0.9207920792079208: 0 5 0 2 0 1 10 -1 10 0 10 20 0 -20 30 -10 0 5 0 0 10 0 0 -50 -30 0 0 0 -50 5 0 0 30 30 30 0 -50
-0.9207920792079208: 0 5 0 2 0 1 10 -1 10 0 10 20 0 -20 30 -10 0 5 0 0 10 0 0 -50 -30 0 0 0 -50 5 0 0 30 30 30 0 -50
-0.9306930693069307: 0 10 5 20 20 5 10 -20 20 0 -5 20 0 -20 20 -10 0 0 10 -20 20 -5 0 -10 -50 -20 -5 30 -50 0 -5 -30 -1 1 50 20 -50
-0.9306930693069307: 0 10 5 20 20 5 10 -20 20 0 -5 20 0 -20 20 -10 0 0 10 -20 20 -5 0 -10 -50 -20 -5 30 -50 0 -5 -30 -1 1 50 20 -50
-0.9306930693069307: 0 10 5 20 20 5 10 -20 20 0 -5 20 0 -20 20 -10 0 0 10 -20 20 -5 0 -10 -50 -20 -5 30 -50 0 -5 -30 -1 1 50 20 -50
-0.9306930693069307: 0 10 5 20 20 5 10 -20 20 0 -5 20 0 -20 20 -10 0 0 10 -20 20 -5 0 -10 -50 -20 -5 30 -50 0 -5 -30 -1 1 50 20 -50
-0.9306930693069307: 0 10 5 20 20 5 10 -20 20 0 -5 20 0 -20 20 -10 0 0 10 -20 20 -5 0 -10 -50 -20 -5 30 -50 0 -5 -30 -1 1 50 20 -50
-0.9306930693069307: 0 10 5 20 20 5 10 -20 20 0 -5 20 0 -20 20 -10 0 0 10 -20 20 -5 0 -10 -50 -20 -5 30 -50 0 -5 -30 -1 1 50 20 -50
