TrainingAccuracy: 0.826
TestAccuracy: 0.7834226412534763
infeasible
infeasible
infeasible
infeasible
no_sol
no_sol
no_sol
-0.02879034512241241: 0 0 0 0 2 -1 0 -5 50 0 0 20 0 20 0 0 -30 0 0 0 0 -50
-0.0752889721961887: 0 0 0 0 0 2 0 -2 50 0 0 30 0 10 0 0 -10 0 0 5 -5 -50
-0.1027803811308966: 0 0 0 0 0 2 0 -2 50 50 0 30 0 0 0 0 -50 0 30 -20 -50 -50
-0.12191913711175784: 0 0 0 0 0 1 0 -1 50 50 0 5 0 30 30 0 -30 0 0 -20 -50 -50
-0.13148851510218845: 0 0 0 20 0 2 0 -1 50 30 0 30 0 30 30 0 -50 0 0 -10 -50 -50
-0.1588483861951035: 0 0 0 10 0 2 0 -1 30 20 10 0 0 20 20 0 -30 2 0 -10 -30 -30
-0.1588483861951035: 0 0 0 10 0 2 0 -1 30 20 10 0 0 20 20 0 -30 2 0 -10 -30 -30
-0.1588483861951035: 0 0 0 10 0 2 0 -1 30 20 10 0 0 20 20 0 -30 2 0 -10 -30 -30
-0.17111428994228778: 0 0 0 20 0 1 0 -2 50 30 5 20 -30 50 30 0 -50 10 0 -5 -50 -50
-0.17111428994228778: 0 0 0 20 0 1 0 -2 50 30 5 20 -30 50 30 0 -50 10 0 -5 -50 -50
-0.17111428994228778: 0 0 0 20 0 1 0 -2 50 30 5 20 -30 50 30 0 -50 10 0 -5 -50 -50
-0.1724625528206646: 2 -2 0 10 0 1 0 -1 30 20 5 10 -5 30 20 0 -30 10 -5 -5 -30 -30
-0.1724625528206646: 2 -2 0 10 0 1 0 -1 30 20 5 10 -5 30 20 0 -30 10 -5 -5 -30 -30
-0.1724625528206646: 2 -2 0 10 0 1 0 -1 30 20 5 10 -5 30 20 0 -30 10 -5 -5 -30 -30
-0.1724625528206646: 2 -2 0 10 0 1 0 -1 30 20 5 10 -5 30 20 0 -30 10 -5 -5 -30 -30
