TrainingAccuracy: 0.728
TestAccuracy: 0.6537086684539768
infeasible
infeasible
infeasible
infeasible
infeasible
infeasible
infeasible
no_sol
no_sol
no_sol
no_sol
-0.014898145332927992: 50 2 0 0 0 -30 0 0 -2 0 30 0 0 0 5 1 0 0 0 50 0 0 -2 0 10 50 -30 0
-0.030804435838760802: 50 10 0 0 0 -20 0 0 -10 -5 20 0 0 0 10 1 0 0 0 50 0 0 0 5 20 20 -30 0
-0.03128450496871549: 50 30 30 0 0 -5 0 0 -20 0 50 0 -10 0 50 0 0 0 -30 0 0 0 -30 0 50 5 -10 1
-0.047670864604503094: 20 30 0 0 -2 -20 -10 -2 -2 0 30 0 0 0 20 0 0 0 5 50 0 0 -20 -2 0 30 -30 0
-0.047670864604503094: 20 30 0 0 -2 -20 -10 -2 -2 0 30 0 0 0 20 0 0 0 5 50 0 0 -20 -2 0 30 -30 0
-0.07957945944215972: 50 10 0 -5 0 -20 -5 -10 -5 0 30 0 -2 0 20 1 0 0 10 50 0 0 -20 -2 0 30 -30 0
-0.09442959786209215: 50 10 0 -5 0 -20 -30 10 -10 -5 30 0 0 0 20 1 50 0 0 50 0 0 -2 10 20 20 -30 0
-0.09442959786209215: 50 10 0 -5 0 -20 -30 10 -10 -5 30 0 0 0 20 1 50 0 0 50 0 0 -2 10 20 20 -30 0
-0.10396697124385912: 50 30 0 0 -5 -10 -20 -5 -20 10 50 0 5 0 50 0 50 0 -1 50 -20 0 -20 2 20 30 -30 0
-0.10396697124385912: 50 30 0 0 -5 -10 -20 -5 -20 10 50 0 5 0 50 0 50 0 -1 50 -20 0 -20 2 20 30 -30 0
-0.10396697124385912: 50 30 0 0 -5 -10 -20 -5 -20 10 50 0 5 0 50 0 50 0 -1 50 -20 0 -20 2 20 30 -30 0
-0.10415899889584107: 50 30 10 2 -2 -10 -5 -2 -20 -2 30 0 -5 0 30 50 -5 0 -50 0 30 0 -20 5 30 10 -20 1
-0.1107199436718887: 50 10 0 0 -2 -20 -10 -2 -5 -30 2 -50 -30 -30 -10 -1 30 0 -5 50 -10 0 -20 -10 2 20 -30 50
-0.1107199436718887: 50 10 0 -1 -2 -20 -10 -2 -5 -30 2 -50 -30 -30 -10 -5 50 0 -1 50 -5 0 -20 -10 2 20 -30 50
-0.1107199436718887: 50 10 0 -1 -2 -20 -10 -2 -5 -30 2 -50 -30 -30 -10 -5 50 0 -1 50 -5 0 -20 -10 2 20 -30 50
-0.1107199436718887: 50 10 0 -1 -2 -20 -10 -2 -5 -30 2 -50 -30 -30 -10 -5 50 0 -1 50 -5 0 -20 -10 2 20 -30 50
-0.1107199436718887: 50 10 0 -1 -2 -20 -10 -2 -5 -30 2 -50 -30 -30 -10 -5 50 0 -1 50 -5 0 -20 -10 2 20 -30 50
