TrainingAccuracy: 0.826
TestAccuracy: 0.7834226412534763
infeasible
infeasible
infeasible
no_sol
-0.012183692596063722: 0 0 0 0 0 0 0 0 10 30 0 20 0 20 0 0 0 0 0 0 0 -50
-0.07316792449727882: 0 2 0 0 0 0 0 0 0 2 0 2 2 0 0 0 0 0 0 0 2 -5
-0.12397441588977129: 0 0 0 0 -5 0 0 0 0 30 0 0 30 0 0 0 -5 0 -2 0 30 -50
-0.12532267876814812: 0 5 0 0 -5 0 0 0 0 30 0 1 30 0 0 0 0 0 -10 0 30 -50
-0.13967674575379405: 10 10 0 2 -5 0 0 0 0 20 0 0 20 2 0 0 0 0 0 0 30 -50
-0.15672733849619364: 5 5 0 0 -2 0 0 0 -1 20 0 5 20 0 0 0 2 0 0 0 30 -50
-0.18313356023611044: 10 0 0 0 0 2 0 -1 20 20 0 0 30 0 10 0 -10 0 -10 0 30 -50
-0.20005261513671715: 0 2 -20 -10 -20 0 0 1 0 30 0 0 30 -10 0 -5 0 0 -5 0 50 -50
-0.2090136306088558: 0 0 -50 -10 -20 1 0 1 0 30 -2 0 30 -5 0 0 0 0 -5 0 50 -50
-0.22410759795458657: 2 2 -50 -2 -20 0 0 0 0 30 0 10 20 -10 0 -10 0 5 -10 0 50 -50
-0.2268041237113402: 2 2 -50 -2 -20 0 0 0 0 30 -5 10 20 -10 0 -10 0 5 -10 0 50 -50
-0.2542955326460481: 5 2 0 -5 -5 2 0 -1 2 20 -10 10 20 -10 0 -5 0 0 -10 0 50 -50
-0.27909041582400235: 5 2 0 -5 -5 1 0 -1 10 20 -5 10 20 -5 0 -5 0 -2 -20 0 50 -50
-0.27909041582400235: 5 2 0 -5 -5 1 0 -1 10 20 -5 10 20 -5 0 -5 0 -2 -20 0 50 -50
-0.27909041582400235: 5 2 0 -5 -5 1 0 -1 10 20 -5 10 20 -5 0 -5 0 -2 -20 0 50 -50
-0.27909041582400235: 5 2 0 -5 -5 1 0 -1 10 20 -5 10 20 -5 0 -5 0 -2 -20 0 50 -50
-0.27909041582400235: 5 2 0 -5 -5 1 0 -1 10 20 -5 10 20 -5 0 -5 0 -2 -20 0 50 -50
-0.27909041582400235: 5 2 0 -5 -5 1 0 -1 10 20 -5 10 20 -5 0 -5 0 -2 -20 0 50 -50
