TrainingAccuracy: 0.846
TestAccuracy: 0.7871532252594452
infeasible
infeasible
infeasible
infeasible
no_sol
no_sol
no_sol
-0.02387557797393862: 0 0 0 10 0 -1 0 -1 30 0 0 0 20 0 0 -10 0 0 -10 0 0 -30
-0.048087431693989074: -5 -5 0 -2 0 0 0 0 5 0 0 0 10 0 -2 -5 0 0 -2 0 0 -2
-0.048087431693989074: -5 -5 0 -2 0 0 0 0 5 0 0 0 10 0 -2 -5 0 0 -2 0 0 -2
-0.11063472047078604: -5 -10 0 0 0 0 0 0 5 2 0 0 20 0 -10 -5 2 0 -2 0 -5 -1
-0.11063472047078604: -5 -10 0 0 0 0 0 0 5 2 0 0 20 0 -10 -5 2 0 -2 0 -5 -1
-0.11063472047078604: -5 -10 0 0 0 0 0 0 5 2 0 0 20 0 -10 -5 2 0 -2 0 -5 -1
-0.11063472047078604: -5 -10 0 0 0 0 0 0 5 2 0 0 20 0 -10 -5 2 0 -2 0 -5 -1
-0.11063472047078604: -5 -10 0 0 0 0 0 0 5 2 0 0 20 0 -10 -5 2 0 -2 0 -5 -1
-0.11618327028163093: -5 -10 0 0 0 2 0 0 5 2 2 1 20 -1 -10 -10 2 1 -5 0 -5 -1
-0.12274064733081126: 5 2 0 10 0 -10 0 -10 5 5 0 0 20 0 -10 -5 2 0 -5 0 -5 -1
-0.12274064733081126: 5 2 0 10 0 -10 0 -10 5 5 0 0 20 0 -10 -5 2 0 -5 0 -5 -1
-0.12274064733081126: 5 2 0 10 0 -10 0 -10 5 5 0 0 20 0 -10 -5 2 0 -5 0 -5 -1
-0.12274064733081126: 5 2 0 10 0 -10 0 -10 5 5 0 0 20 0 -10 -5 2 0 -5 0 -5 -1
-0.12274064733081126: 5 2 0 10 0 -10 0 -10 5 5 0 0 20 0 -10 -5 2 0 -5 0 -5 -1
-0.12274064733081126: 5 2 0 10 0 -10 0 -10 5 5 0 0 20 0 -10 -5 2 0 -5 0 -5 -1
