TrainingAccuracy: 0.87
TestAccuracy: 0.812295312061383
infeasible
infeasible
infeasible
infeasible
infeasible
infeasible
no_sol
no_sol
no_sol
no_sol
no_sol
no_sol
0.30551136058921324: 0 -2 0 0 0 -2 0 0 0 -10 0 0 0 -50 2 0 0 0 0 -50 2 0 0 0 0 0 0 0 -5 2 0 -5 0 0 10 10 -1
0.23035806861045066: 0 -5 0 0 -5 0 0 2 2 -10 0 0 -2 -50 2 0 0 0 0 -50 5 0 0 0 0 0 0 0 -10 0 0 -20 0 0 20 0 -1
0.23035806861045066: 0 -5 0 0 -5 0 0 2 2 -10 0 0 -2 -50 2 0 0 0 0 -50 5 0 0 0 0 0 0 0 -10 0 0 -20 0 0 20 0 -1
0.2127317256297038: 0 0 0 0 -5 2 0 0 0 -10 -2 0 0 -30 0 0 0 0 0 -50 2 -10 0 -20 0 0 5 0 -5 0 0 -30 0 0 30 5 -1
0.1914585530667334: 0 0 5 0 0 0 -5 5 0 -10 -2 0 10 -30 2 0 0 2 0 -50 0 -5 0 -20 0 0 0 0 -10 0 0 -30 -1 0 30 5 0
0.1914585530667334: 0 0 5 0 0 0 -5 5 0 -10 -2 0 10 -30 2 0 0 2 0 -50 0 -5 0 -20 0 0 0 0 -10 0 0 -30 -1 0 30 5 0
0.13857952412449273: -2 0 -2 0 -10 5 -2 0 0 -20 -2 0 0 -30 5 10 0 0 0 -50 10 -10 0 -30 0 0 5 -5 0 0 0 -20 0 0 30 10 0
0.13857952412449273: -2 0 -2 0 -10 5 -2 0 0 -20 -2 0 0 -30 5 10 0 0 0 -50 10 -10 0 -30 0 0 5 -5 0 0 0 -20 0 0 30 10 0
0.11466061245285045: 0 -30 -5 2 -30 20 0 0 0 -30 -5 0 10 -30 10 10 0 0 0 -50 0 -50 0 -50 -10 0 5 0 10 2 0 -50 0 0 50 10 0
0.06430218631008777: 5 -5 0 2 -5 0 -5 -20 0 -10 -5 0 2 -20 2 5 0 2 0 0 0 -20 -30 -20 0 0 0 -1 10 0 5 -10 0 0 20 5 0
0.06430218631008777: 5 -5 0 2 -5 0 -5 -20 0 -10 -5 0 2 -20 2 5 0 2 0 0 0 -20 -30 -20 0 0 0 -1 10 0 5 -10 0 0 20 5 0
0.06430218631008777: 5 -5 0 2 -5 0 -5 -20 0 -10 -5 0 2 -20 2 5 0 2 0 0 0 -20 -30 -20 0 0 0 -1 10 0 5 -10 0 0 20 5 0
0.06128103827383399: 5 -5 0 2 -5 0 -5 -20 0 -10 -5 0 2 -20 2 5 0 2 0 0 0 -20 -30 -30 0 0 0 -1 10 0 5 -10 0 0 20 5 0
0.06128103827383399: 5 -5 0 2 -5 0 -5 -20 0 -10 -5 0 2 -20 2 5 0 2 0 0 0 -20 -30 -30 0 0 0 -1 10 0 5 -10 0 0 20 5 0
0.06128103827383399: 5 -5 0 2 -5 0 -5 -20 0 -10 -5 0 2 -20 2 5 0 2 0 0 0 -20 -30 -30 0 0 0 -1 10 0 5 -10 0 0 20 5 0
0.04365469529308713: 0 -1 2 5 -1 2 -1 -2 2 -10 -30 -2 0 -50 2 5 0 2 0 -30 0 -50 -30 -50 0 0 0 -2 20 2 30 -5 0 0 50 5 0
0.04365469529308713: 0 -1 2 5 -1 2 -1 -2 2 -10 -30 -2 0 -50 2 5 0 2 0 -30 0 -50 -30 -50 0 0 0 -2 20 2 30 -5 0 0 50 5 0
0.04365469529308713: 0 -1 2 5 -1 2 -1 -2 2 -10 -30 -2 0 -50 2 5 0 2 0 -30 0 -50 -30 -50 0 0 0 -2 20 2 30 -5 0 0 50 5 0
0.04365469529308713: 0 -1 2 5 -1 2 -1 -2 2 -10 -30 -2 0 -50 2 5 0 2 0 -30 0 -50 -30 -50 0 0 0 -2 20 2 30 -5 0 0 50 5 0
0.04365469529308713: 0 -1 2 5 -1 2 -1 -2 2 -10 -30 -2 0 -50 2 5 0 2 0 -30 0 -50 -30 -50 0 0 0 -2 20 2 30 -5 0 0 50 5 0
0.04365469529308713: 0 -1 2 5 -1 2 -1 -2 2 -10 -30 -2 0 -50 2 5 0 2 0 -30 0 -50 -30 -50 0 0 0 -2 20 2 30 -5 0 0 50 5 0
0.04365469529308713: 0 -1 2 5 -1 2 -1 -2 2 -10 -30 -2 0 -50 2 5 0 2 0 -30 0 -50 -30 -50 0 0 0 -2 20 2 30 -5 0 0 50 5 0
0.034966660111907605: -2 -10 0 -2 -5 0 -5 2 2 -20 -10 -5 10 -30 2 10 0 5 0 -30 10 -20 -10 -20 0 0 5 -5 10 5 20 -20 1 0 20 10 0
0.034966660111907605: -2 -10 0 -2 -5 0 -5 2 2 -20 -10 -5 10 -30 2 10 0 5 0 -30 10 -20 -10 -20 0 0 5 -5 10 5 20 -20 1 0 20 10 0
0.034966660111907605: -2 -10 0 -2 -5 0 -5 2 2 -20 -10 -5 10 -30 2 10 0 5 0 -30 10 -20 -10 -20 0 0 5 -5 10 5 20 -20 1 0 20 10 0
