TrainingAccuracy: 0.88
TestAccuracy: 0.8098936402482767
infeasible
infeasible
infeasible
infeasible
infeasible
infeasible
no_sol
no_sol
no_sol
-0.21046195896495296: 0 -50 0 0 0 0 0 -50 0 -50 0 0 0 -30 0 0 0 0 0 0 30 0 0 0 -10 0 30 0 0 0 0 0 0 -20 0 5 -1
-0.21348294402186618: 0 -50 0 0 0 0 0 -50 0 -50 0 0 0 -30 0 0 0 0 0 0 30 0 0 0 -10 0 30 0 0 0 0 0 0 -20 0 50 -1
-0.2793332254410099: 0 -10 0 0 0 0 0 -2 0 -5 0 0 0 -20 0 5 0 0 0 0 2 0 0 0 0 0 5 0 -5 0 -2 0 0 -5 5 0 -1
-0.3273453093812375: 0 -30 0 0 0 0 0 -5 -2 -5 0 0 0 -5 0 2 0 0 0 0 5 0 0 0 0 0 2 0 -50 0 0 0 0 -10 50 2 -1
-0.3365701030371689: 0 -50 0 0 0 0 0 -50 0 -20 0 20 0 -30 0 0 0 -30 0 0 50 0 0 0 -50 -30 0 5 0 -2 0 -10 0 0 30 20 0
-0.3843843843843844: 0 -50 0 0 0 0 0 -2 0 -50 0 0 0 -50 0 30 0 0 0 0 20 0 0 -5 -20 0 30 50 -30 2 0 0 -50 0 30 0 -1
-0.42042042042042044: 0 -50 5 0 0 0 0 -10 0 -30 0 0 0 -50 10 10 0 0 5 0 20 0 0 -20 0 20 30 1 -50 0 0 0 -20 0 10 0 0
-0.45045045045045046: 0 -50 5 0 0 0 0 -10 0 -30 0 0 -20 -30 10 10 0 0 5 0 20 0 0 -20 0 20 30 1 -50 0 0 0 -20 0 50 0 0
-0.45345345345345345: 0 -50 5 0 0 0 0 -10 0 -30 0 0 -20 -30 10 10 0 0 5 0 20 0 0 -20 0 20 30 0 -50 2 20 0 -20 0 50 0 0
-0.45645645645645644: 0 -50 5 0 0 0 0 -10 5 -30 0 0 -20 -30 10 10 0 0 5 0 20 0 0 -20 0 20 30 0 -50 2 20 0 -20 0 50 0 0
-0.45645645645645644: 0 -50 5 0 0 0 0 -10 5 -30 0 0 -20 -30 10 10 0 0 5 0 20 0 0 -20 0 20 30 0 -50 2 20 0 -20 0 50 0 0
-0.4624624624624625: 0 -50 5 0 10 0 0 -10 0 -30 0 0 -20 -30 10 10 0 0 5 0 20 -5 0 -20 0 20 30 -1 -50 2 20 0 -20 0 50 0 0
-0.4624624624624625: 0 -50 5 0 10 0 0 -10 0 -30 0 0 -20 -30 10 10 0 0 5 0 20 -5 0 -20 0 20 30 -1 -50 2 20 0 -20 0 50 0 0
-0.4624624624624625: 0 -50 5 0 10 0 0 -10 0 -30 0 0 -20 -30 10 10 0 0 5 0 20 -5 0 -20 0 20 30 -1 -50 2 20 0 -20 0 50 0 0
-0.46546546546546547: 0 -30 2 0 10 0 0 -5 0 -20 0 10 0 -30 20 5 0 0 2 0 20 0 0 -30 -20 -5 0 50 -50 2 20 -20 -30 -20 50 50 -20
-0.46546546546546547: 0 -30 2 0 10 0 0 -5 0 -20 0 10 0 -30 20 5 0 0 2 0 20 0 0 -30 -20 -5 0 50 -50 2 20 -20 -30 -20 50 50 -20
-0.46546546546546547: 0 -30 2 0 10 0 0 -5 0 -20 0 10 0 -30 20 5 0 0 2 0 20 0 0 -30 -20 -5 0 50 -50 2 20 -20 -30 -20 50 50 -20
-0.46546546546546547: 0 -30 2 0 10 0 0 -5 0 -20 0 10 0 -30 20 5 0 0 2 0 20 0 0 -30 -20 -5 0 50 -50 2 20 -20 -30 -20 50 50 -20
-0.4744744744744745: 20 -50 2 2 10 0 0 -10 0 -20 30 10 -20 -30 20 5 0 0 2 -5 20 0 0 -30 -30 -5 2 50 -50 2 20 0 -20 -5 50 0 -50
-0.4744744744744745: 20 -50 2 2 10 0 0 -10 0 -20 30 10 -20 -30 20 5 0 0 2 -5 20 0 0 -30 -30 -5 2 50 -50 2 20 0 -20 -5 50 0 -50
-0.4744744744744745: 20 -50 2 2 10 0 0 -10 0 -20 30 10 -20 -30 20 5 0 0 2 -5 20 0 0 -30 -30 -5 2 50 -50 2 20 0 -20 -5 50 0 -50
-0.4744744744744745: 20 -50 2 2 10 0 0 -10 0 -20 30 10 -20 -30 20 5 0 0 2 -5 20 0 0 -30 -30 -5 2 50 -50 2 20 0 -20 -5 50 0 -50
-0.4744744744744745: 20 -50 2 2 10 0 0 -10 0 -20 30 10 -20 -30 20 5 0 0 2 -5 20 0 0 -30 -30 -5 2 50 -50 2 20 0 -20 -5 50 0 -50
-0.4744744744744745: 20 -50 2 2 10 0 0 -10 0 -20 30 10 -20 -30 20 5 0 0 2 -5 20 0 0 -30 -30 -5 2 50 -50 2 20 0 -20 -5 50 0 -50
-0.4804804804804805: -1 -20 2 0 5 10 5 2 -1 -20 0 2 -10 -30 10 5 0 -5 2 -10 10 -10 0 -30 -10 1 10 30 -50 2 20 -10 -20 -10 50 30 -10
-0.4804804804804805: -1 -20 2 0 5 10 5 2 -1 -20 0 2 -10 -30 10 5 0 -5 2 -10 10 -10 0 -30 -10 1 10 30 -50 2 20 -10 -20 -10 50 30 -10
-0.4804804804804805: -1 -20 2 0 5 10 5 2 -1 -20 0 2 -10 -30 10 5 0 -5 2 -10 10 -10 0 -30 -10 1 10 30 -50 2 20 -10 -20 -10 50 30 -10
-0.4804804804804805: -1 -20 2 0 5 10 5 2 -1 -20 0 2 -10 -30 10 5 0 -5 2 -10 10 -10 0 -30 -10 1 10 30 -50 2 20 -10 -20 -10 50 30 -10
