TrainingAccuracy: 0.71
TestAccuracy: 0.6589216562406911
infeasible
no_sol
no_sol
no_sol
no_sol
no_sol
no_sol
no_sol
no_sol
no_sol
-0.041577214827536846: 0 30 -5 20 0 0 0 0 5 0 10 0 20 0 0 -1 0 0 -30 0 0 0 0 2 20 30 0 0
-0.041577214827536846: 0 30 -5 20 0 0 0 0 5 0 10 0 20 0 0 -1 0 0 -30 0 0 0 0 2 20 30 0 0
-0.6157864605696293: 0 0 -10 5 -20 0 -50 30 -5 30 0 0 30 0 0 20 0 0 -30 0 0 0 0 0 20 10 0 2
-0.6157864605696293: 0 0 -10 5 -20 0 -50 30 -5 30 0 0 30 0 0 20 0 0 -30 0 0 0 0 0 20 10 0 2
-0.6157864605696293: 0 0 -10 5 -20 0 -50 30 -5 30 0 0 30 0 0 20 0 0 -30 0 0 0 0 0 20 10 0 2
-0.6180764276513524: 20 0 -5 2 -10 0 -50 20 -20 30 0 0 30 0 -10 0 0 0 2 30 0 0 -5 0 10 20 2 0
-0.6180764276513524: 20 0 -5 2 -10 0 -50 20 -20 30 0 0 30 0 -10 0 0 0 2 30 0 0 -5 0 10 20 2 0
-0.6351796192929726: 20 0 -20 2 -20 -10 -50 10 -20 2 -30 0 0 0 -50 -2 0 0 -1 30 0 0 0 2 20 2 0 50
-0.6351796192929726: 20 0 -20 2 -20 -10 -50 10 -20 2 -30 0 0 0 -50 -2 0 0 -1 30 0 0 0 2 20 2 0 50
-0.637469586374696: 0 0 -20 10 -20 -5 -50 10 -20 10 -30 0 0 0 -50 5 0 0 1 30 30 0 -2 10 20 5 -2 30
-0.6620867325032203: 10 2 -10 10 -20 5 -50 20 -10 20 -5 30 10 0 -10 0 0 0 0 20 0 0 -2 5 20 10 2 1
-0.6620867325032203: 10 2 -10 10 -20 5 -50 20 -10 20 -5 30 10 0 -10 0 0 0 0 20 0 0 -2 5 20 10 2 1
-0.6620867325032203: 10 2 -10 10 -20 5 -50 20 -10 20 -5 30 10 0 -10 0 0 0 0 20 0 0 -2 5 20 10 2 1
-0.6668813510805782: 0 10 -10 10 -20 5 -50 20 -10 20 -2 30 5 0 -50 -20 0 0 30 50 -5 50 -10 2 10 10 2 -1
-0.6668813510805782: 0 10 -10 10 -20 5 -50 20 -10 20 -2 30 5 0 -50 -20 0 0 30 50 -5 50 -10 2 10 10 2 -1
-0.6668813510805782: 0 10 -10 10 -20 5 -50 20 -10 20 -2 30 5 0 -50 -20 0 0 30 50 -5 50 -10 2 10 10 2 -1
-0.6668813510805782: 0 10 -10 10 -20 5 -50 20 -10 20 -2 30 5 0 -50 -20 0 0 30 50 -5 50 -10 2 10 10 2 -1
-0.6668813510805782: 0 10 -10 10 -20 5 -50 20 -10 20 -2 30 5 0 -50 -20 0 0 30 50 -5 50 -10 2 10 10 2 -1
