TrainingAccuracy: 0.892
TestAccuracy: 0.8113907863135897
infeasible
infeasible
infeasible
infeasible
infeasible
infeasible
infeasible
infeasible
no_sol
no_sol
no_sol
no_sol
no_sol
no_sol
0.1348905723905724: 0 -10 0 0 0 -5 0 -5 0 -20 -10 0 -30 -50 20 0 0 -10 0 0 30 -20 0 0 -20 0 0 0 10 -5 0 0 0 0 0 0 -1
0.1254910213243547: 1 0 0 0 0 0 2 0 0 -20 -10 0 0 -50 20 0 0 -10 0 -50 20 -20 0 -2 -20 0 0 -2 0 0 0 5 0 -10 5 0 0
0.12191358024691357: 1 0 0 0 0 0 2 0 -10 -20 -10 0 -20 -50 20 0 0 -10 0 -50 20 -10 0 -2 -20 0 0 -2 0 0 0 2 0 0 5 0 0
0.11412738496071831: 1 -20 0 0 0 0 5 0 0 -5 0 0 -2 -50 30 0 0 -2 0 -2 50 10 0 20 -30 0 0 0 5 0 5 20 0 0 30 0 -50
0.10795454545454544: 1 -20 0 0 0 0 5 0 0 -5 0 0 -2 -50 30 0 0 -2 0 0 50 10 0 20 -30 0 -2 0 5 0 5 10 0 0 30 2 -50
0.1017817059483726: 1 -20 0 0 0 0 5 0 0 -5 0 0 -2 -50 30 0 0 -2 0 0 50 10 0 20 -30 0 -2 0 5 0 10 10 0 -2 30 2 -50
0.08684062850729515: 1 -2 0 0 0 0 10 0 -50 -5 0 20 -5 -50 20 0 0 -20 0 -50 50 -2 0 10 -30 0 0 0 20 0 -20 10 0 0 30 2 -50
0.08164983164983164: 1 -2 0 0 0 2 10 0 0 -5 0 20 -10 -30 20 0 0 -20 0 -30 50 0 0 10 -30 0 0 0 20 0 -20 20 -2 -5 30 2 -50
0.07449494949494948: 0 -2 0 0 0 2 10 2 -50 -5 0 20 -10 -50 20 0 0 -20 0 -30 50 0 0 10 -30 0 0 0 20 0 -20 20 -1 -5 30 2 -50
0.07449494949494948: 0 -2 0 0 0 2 10 2 -50 -5 0 20 -10 -50 20 0 0 -20 0 -30 50 0 0 10 -30 0 0 0 20 0 -20 20 -1 -5 30 2 -50
0.07449494949494948: 0 -2 0 0 0 2 10 2 -50 -5 0 20 -10 -50 20 0 0 -20 0 -30 50 0 0 10 -30 0 0 0 20 0 -20 20 -1 -5 30 2 -50
0.07449494949494948: 0 -2 0 0 0 2 10 2 -50 -5 0 20 -10 -50 20 0 0 -20 0 -30 50 0 0 10 -30 0 0 0 20 0 -20 20 -1 -5 30 2 -50
0.07449494949494948: 0 -2 0 0 0 2 10 2 -50 -5 0 20 -10 -50 20 0 0 -20 0 -30 50 0 0 10 -30 0 0 0 20 0 -20 20 -1 -5 30 2 -50
0.07449494949494948: 0 -2 0 0 0 2 10 2 -50 -5 0 20 -10 -50 20 0 0 -20 0 -30 50 0 0 10 -30 0 0 0 20 0 -20 20 -1 -5 30 2 -50
0.07449494949494948: 0 -2 0 0 0 2 10 2 -50 -5 0 20 -10 -50 20 0 0 -20 0 -30 50 0 0 10 -30 0 0 0 20 0 -20 20 -1 -5 30 2 -50
0.07189955106621773: 0 -2 0 0 0 2 10 2 -50 -5 0 20 -10 -50 20 0 0 -20 0 -50 50 0 -50 10 -30 -1 2 0 20 0 -20 20 0 -5 30 2 -50
0.07189955106621773: 0 -2 0 0 0 2 10 2 -50 -5 0 20 -10 -50 20 0 0 -20 0 -50 50 0 -50 10 -30 -1 2 0 20 0 -20 20 0 -5 30 2 -50
0.07189955106621773: 0 -2 0 0 0 2 10 2 -50 -5 0 20 -10 -50 20 0 0 -20 0 -50 50 0 -50 10 -30 -1 2 0 20 0 -20 20 0 -5 30 2 -50
0.07189955106621773: 0 -2 0 0 0 2 10 2 -50 -5 0 20 -10 -50 20 0 0 -20 0 -50 50 0 -50 10 -30 -1 2 0 20 0 -20 20 0 -5 30 2 -50
0.07189955106621773: 0 -2 0 0 0 2 10 2 -50 -5 0 20 -10 -50 20 0 0 -20 0 -50 50 0 -50 10 -30 -1 2 0 20 0 -20 20 0 -5 30 2 -50
0.07189955106621773: 0 -2 0 0 0 2 10 2 -50 -5 0 20 -10 -50 20 0 0 -20 0 -50 50 0 -50 10 -30 -1 2 0 20 0 -20 20 0 -5 30 2 -50
0.07189955106621773: 0 -2 0 0 0 2 10 2 -50 -5 0 20 -10 -50 20 0 0 -20 0 -50 50 0 -50 10 -30 -1 2 0 20 0 -20 20 0 -5 30 2 -50
0.07189955106621773: 0 -2 0 0 0 2 10 2 -50 -5 0 20 -10 -50 20 0 0 -20 0 -50 50 0 -50 10 -30 -1 2 0 20 0 -20 20 0 -5 30 2 -50
