TrainingAccuracy: 0.858
TestAccuracy: 0.7901037780641661
infeasible
infeasible
infeasible
infeasible
0.012586115527291983: -50 0 0 0 0 0 0 0 50 0 0 0 0 20 0 -30 0 0 0 0 0 -30
0.012586115527291983: -50 0 0 0 0 0 0 0 50 0 0 0 0 20 0 -30 0 0 0 0 0 -30
-0.02205882352941177: -20 0 0 0 0 0 0 -30 50 0 0 -30 0 30 0 -50 0 0 0 0 0 -1
-0.02225755166931638: 0 0 0 0 -30 0 0 -50 2 30 0 0 -30 2 0 -2 0 0 0 0 0 -1
-0.034909909909909914: -10 0 0 0 0 0 0 -20 30 0 -10 -10 0 20 0 -30 -10 0 0 0 0 -5
-0.06279809220985692: -50 -2 0 0 0 1 0 -2 50 0 0 0 5 0 5 -10 0 0 0 0 5 -50
-0.06650768415474298: -50 -1 0 5 0 0 -5 -10 50 0 0 0 20 2 0 -20 0 0 0 0 20 -50
-0.06650768415474298: -50 -1 0 5 0 0 -5 -10 50 0 0 0 20 2 0 -20 0 0 0 0 20 -50
-0.08088235294117646: -50 -20 0 -1 10 1 0 -10 50 10 0 0 2 0 0 -30 0 0 -5 0 30 -50
-0.08088235294117646: -50 -20 0 -1 10 1 0 -10 50 10 0 0 2 0 0 -30 0 0 -5 0 30 -50
-0.08088235294117646: -50 -20 0 -1 10 1 0 -10 50 10 0 0 2 0 0 -30 0 0 -5 0 30 -50
-0.08088235294117646: -50 -20 0 -1 10 1 0 -10 50 10 0 0 2 0 0 -30 0 0 -5 0 30 -50
-0.08088235294117646: -50 -20 0 -1 10 1 0 -10 50 10 0 0 2 0 0 -30 0 0 -5 0 30 -50
-0.08088235294117646: -50 -20 0 -1 10 1 0 -10 50 10 0 0 2 0 0 -30 0 0 -5 0 30 -50
-0.08088235294117646: -50 -20 0 -1 10 1 0 -10 50 10 0 0 2 0 0 -30 0 0 -5 0 30 -50
-0.08088235294117646: -50 -20 0 -1 10 1 0 -10 50 10 0 0 2 0 0 -30 0 0 -5 0 30 -50
-0.0876391096979332: -30 -10 -50 2 5 2 5 -5 50 -5 2 -2 0 -2 -1 -20 10 5 -5 2 20 -50
-0.0876391096979332: -30 -10 -50 2 5 2 5 -5 50 -5 2 -2 0 -2 -1 -20 10 5 -5 2 20 -50
