TrainingAccuracy: 0.74
TestAccuracy: 0.6246648793565683
no_sol
no_sol
no_sol
no_sol
no_sol
no_sol
-0.039747181859646874: 0 50 0 0 0 0 0 -10 -20 0 20 0 0 0 0 0 0 0 0 0 0 0 -20 0 30 0 0 -5
-0.07701830976738133: 0 30 0 0 0 -2 0 0 -10 0 5 0 0 0 0 0 0 0 -10 0 0 0 0 10 20 0 0 1
-0.07929888577572164: 0 50 0 0 0 -2 0 0 -30 0 30 0 0 0 0 0 0 0 0 0 0 0 -30 0 30 5 -10 1
-0.10399426598032191: 0 50 0 0 -20 0 -30 0 -20 0 30 0 0 0 0 0 0 0 0 50 0 0 0 20 50 0 -10 -1
-0.16667752655242063: 30 0 20 0 0 -2 0 0 -20 -30 0 0 0 0 0 0 0 0 0 50 0 0 0 10 50 2 -5 1
-0.19808431615299404: 50 30 30 0 0 0 0 -2 -20 0 50 0 0 0 50 0 0 0 -30 0 0 0 -30 0 50 0 -5 1
-0.2204991203492539: 50 30 0 0 0 -30 0 -10 -20 0 50 0 0 0 50 5 0 0 -30 0 0 0 0 30 50 30 -10 0
-0.2204991203492539: 50 30 0 0 0 -30 0 -10 -20 0 50 0 0 0 50 5 0 0 -30 0 0 0 0 30 50 30 -10 0
-0.22721052974522704: 50 20 0 0 0 -30 0 -10 -20 0 50 0 0 0 50 30 2 0 -30 0 0 0 -30 0 20 30 -2 1
-0.22721052974522704: 50 20 0 0 0 -30 0 -10 -20 0 50 0 0 0 50 30 2 0 -30 0 0 0 -30 0 20 30 -2 1
-0.22721052974522704: 50 20 0 0 0 -30 0 -10 -20 0 50 0 0 0 50 30 2 0 -30 0 0 0 -30 0 20 30 -2 1
-0.22721052974522704: 50 20 0 0 0 -30 0 -10 -20 0 50 0 0 0 50 30 2 0 -30 0 0 0 -30 0 20 30 -2 1
-0.23320518668143608: 50 50 0 20 -20 -10 0 -50 -2 -30 30 0 -5 0 30 -1 0 0 -20 0 0 0 -50 2 30 5 -10 50
-0.24063334853717333: 50 30 10 0 -2 -10 0 -30 -2 -20 30 0 2 5 30 30 0 0 -50 0 0 0 -2 30 50 5 -20 1
-0.24063334853717333: 50 30 10 0 -2 -10 0 -30 -2 -20 30 0 2 5 30 30 0 0 -50 0 0 0 -2 30 50 5 -20 1
-0.250342086401251: 50 50 0 5 -20 -10 -10 -50 -2 -20 50 0 5 30 50 20 0 0 0 50 50 0 -50 2 30 5 -20 -1
-0.250342086401251: 50 50 0 5 -20 -10 -10 -50 -2 -20 50 0 5 30 50 20 0 0 0 50 50 0 -50 2 30 5 -20 -1
-0.250342086401251: 50 50 0 5 -20 -10 -10 -50 -2 -20 50 0 5 30 50 20 0 0 0 50 50 0 -50 2 30 5 -20 -1
-0.250342086401251: 50 50 0 5 -20 -10 -10 -50 -2 -20 50 0 5 30 50 20 0 0 0 50 50 0 -50 2 30 5 -20 -1
-0.250342086401251: 50 50 0 5 -20 -10 -10 -50 -2 -20 50 0 5 30 50 20 0 0 0 50 50 0 -50 2 30 5 -20 -1
-0.250342086401251: 50 50 0 5 -20 -10 -10 -50 -2 -20 50 0 5 30 50 20 0 0 0 50 50 0 -50 2 30 5 -20 -1
-0.250342086401251: 50 50 0 5 -20 -10 -10 -50 -2 -20 50 0 5 30 50 20 0 0 0 50 50 0 -50 2 30 5 -20 -1
