TrainingAccuracy: 0.718
TestAccuracy: 0.6569854036341972
no_sol
no_sol
no_sol
no_sol
no_sol
no_sol
no_sol
no_sol
no_sol
no_sol
no_sol
no_sol
no_sol
0.2781862745098039: 0 2 -2 -2 -5 -30 0 0 10 5 -2 0 -20 0 0 0 0 0 0 0 -2 0 -2 0 10 30 -5 0
0.2781862745098039: 0 2 -2 -2 -5 -30 0 0 10 5 -2 0 -20 0 0 0 0 0 0 0 -2 0 -2 0 10 30 -5 0
0.2781862745098039: 0 2 -2 -2 -5 -30 0 0 10 5 -2 0 -20 0 0 0 0 0 0 0 -2 0 -2 0 10 30 -5 0
-0.0018382352941176405: 50 -5 -5 0 -10 -50 0 -20 5 -20 0 0 -50 0 5 2 0 0 -30 0 0 0 -20 5 0 50 5 50
-0.01593137254901955: 50 -10 -5 5 -20 -50 0 -30 5 -20 -5 0 -50 0 0 2 0 0 -20 5 0 0 -20 0 50 0 5 50
-0.04534313725490191: 50 -20 -5 2 -30 -30 -20 -20 5 0 20 0 -30 0 30 0 0 0 -5 0 0 0 2 30 50 10 5 -1
-0.04534313725490191: 50 -20 -5 2 -30 -30 -20 -20 5 0 20 0 -30 0 30 0 0 0 -5 0 0 0 2 30 50 10 5 -1
-0.06433823529411764: 50 -10 -10 10 -30 -30 -30 -2 10 2 20 0 -30 0 30 -10 0 0 -5 0 0 0 5 30 50 10 5 -1
-0.07475490196078427: 50 -10 -5 5 -20 -30 -30 2 2 -20 0 0 -50 0 5 5 -5 0 0 30 50 0 5 30 50 10 5 -1
-0.07475490196078427: 50 -10 -5 5 -20 -30 -30 2 2 -20 0 0 -50 0 5 5 -5 0 0 30 50 0 5 30 50 10 5 -1
-0.07475490196078427: 50 -10 -5 5 -20 -30 -30 2 2 -20 0 0 -50 0 5 5 -5 0 0 30 50 0 5 30 50 10 5 -1
-0.07475490196078427: 50 -10 -5 5 -20 -30 -30 2 2 -20 0 0 -50 0 5 5 -5 0 0 30 50 0 5 30 50 10 5 -1
-0.07475490196078427: 50 -10 -5 5 -20 -30 -30 2 2 -20 0 0 -50 0 5 5 -5 0 0 30 50 0 5 30 50 10 5 -1
-0.07475490196078427: 50 -10 -5 5 -20 -30 -30 2 2 -20 0 0 -50 0 5 5 -5 0 0 30 50 0 5 30 50 10 5 -1
-0.07475490196078427: 50 -10 -5 5 -20 -30 -30 2 2 -20 0 0 -50 0 5 5 -5 0 0 30 50 0 5 30 50 10 5 -1
