TrainingAccuracy: 0.886
TestAccuracy: 0.8026574342659306
infeasible
no_sol
no_sol
no_sol
no_sol
no_sol
no_sol
no_sol
no_sol
no_sol
no_sol
0.5253227408142999: 1 -50 0 0 0 0 0 0 0 -30 0 0 0 -50 20 0 0 0 0 0 30 0 0 -2 -50 0 2 0 -30 -20 0 0 0 0 50 0 0
0.5253227408142999: 1 -50 0 0 0 0 0 0 0 -30 0 0 0 -50 20 0 0 0 0 0 30 0 0 -2 -50 0 2 0 -30 -20 0 0 0 0 50 0 0
0.5253227408142999: 1 -50 0 0 0 0 0 0 0 -30 0 0 0 -50 20 0 0 0 0 0 30 0 0 -2 -50 0 2 0 -30 -20 0 0 0 0 50 0 0
-0.12760675273088384: 0 0 0 2 0 0 0 -20 30 -30 -10 0 2 -50 0 0 0 2 0 0 0 -5 0 -5 -2 0 5 0 2 0 0 0 0 0 30 0 -1
-0.12760675273088384: 0 0 0 2 0 0 0 -20 30 -30 -10 0 2 -50 0 0 0 2 0 0 0 -5 0 -5 -2 0 5 0 2 0 0 0 0 0 30 0 -1
-0.12760675273088384: 0 0 0 2 0 0 0 -20 30 -30 -10 0 2 -50 0 0 0 2 0 0 0 -5 0 -5 -2 0 5 0 2 0 0 0 0 0 30 0 -1
-0.12760675273088384: 0 0 0 2 0 0 0 -20 30 -30 -10 0 2 -50 0 0 0 2 0 0 0 -5 0 -5 -2 0 5 0 2 0 0 0 0 0 30 0 -1
-0.14250248262164844: 0 -2 0 2 -30 0 -2 -10 30 -50 -50 0 0 -50 0 -10 0 5 0 0 0 -30 0 -30 -10 0 30 0 30 0 0 0 2 0 50 0 -1
-0.14250248262164844: 0 -2 0 2 -30 0 -2 -10 30 -50 -50 0 0 -50 0 -10 0 5 0 0 0 -30 0 -30 -10 0 30 0 30 0 0 0 2 0 50 0 -1
-0.14647467725918573: 0 -5 0 10 -20 2 0 -10 30 -50 -50 -2 0 -50 0 -30 0 2 0 -30 0 -30 0 -50 -10 0 30 0 30 0 0 0 0 0 50 2 -1
-0.14647467725918573: 0 -5 0 10 -20 2 0 -10 30 -50 -50 -2 0 -50 0 -30 0 2 0 -30 0 -30 0 -50 -10 0 30 0 30 0 0 0 0 0 50 2 -1
-0.2100297914597815: 0 -2 0 2 -5 2 0 -10 20 -50 0 0 30 -50 -2 0 0 5 0 0 0 -20 -20 -30 -50 0 5 0 30 0 20 -10 0 -10 50 20 -1
-0.2100297914597815: 0 -2 0 2 -5 2 0 -10 20 -50 0 0 30 -50 -2 0 0 5 0 0 0 -20 -20 -30 -50 0 5 0 30 0 20 -10 0 -10 50 20 -1
-0.2100297914597815: 0 -2 0 2 -5 2 0 -10 20 -50 0 0 30 -50 -2 0 0 5 0 0 0 -20 -20 -30 -50 0 5 0 30 0 20 -10 0 -10 50 20 -1
-0.2100297914597815: 0 -2 0 2 -5 2 0 -10 20 -50 0 0 30 -50 -2 0 0 5 0 0 0 -20 -20 -30 -50 0 5 0 30 0 20 -10 0 -10 50 20 -1
-0.2288977159880834: 0 -2 0 2 -5 2 0 -10 20 -50 0 0 30 -50 -2 0 0 5 0 0 0 -20 -20 -30 -50 0 5 0 30 0 -5 -10 0 -10 50 20 -1
-0.2288977159880834: 0 -2 0 2 -5 2 0 -10 20 -50 0 0 30 -50 -2 0 0 5 0 0 0 -20 -20 -30 -50 0 5 0 30 0 -5 -10 0 -10 50 20 -1
-0.2288977159880834: 0 -2 0 2 -5 2 0 -10 20 -50 0 0 30 -50 -2 0 0 5 0 0 0 -20 -20 -30 -50 0 5 0 30 0 -5 -10 0 -10 50 20 -1
-0.2288977159880834: 0 -2 0 2 -5 2 0 -10 20 -50 0 0 30 -50 -2 0 0 5 0 0 0 -20 -20 -30 -50 0 5 0 30 0 -5 -10 0 -10 50 20 -1
-0.2288977159880834: 0 -2 0 2 -5 2 0 -10 20 -50 0 0 30 -50 -2 0 0 5 0 0 0 -20 -20 -30 -50 0 5 0 30 0 -5 -10 0 -10 50 20 -1
-0.2288977159880834: 0 -2 0 2 -5 2 0 -10 20 -50 0 0 30 -50 -2 0 0 5 0 0 0 -20 -20 -30 -50 0 5 0 30 0 -5 -10 0 -10 50 20 -1
-0.2288977159880834: 0 -2 0 2 -5 2 0 -10 20 -50 0 0 30 -50 -2 0 0 5 0 0 0 -20 -20 -30 -50 0 5 0 30 0 -5 -10 0 -10 50 20 -1
-0.2288977159880834: 0 -2 0 2 -5 2 0 -10 20 -50 0 0 30 -50 -2 0 0 5 0 0 0 -20 -20 -30 -50 0 5 0 30 0 -5 -10 0 -10 50 20 -1
-0.2288977159880834: 0 -2 0 2 -5 2 0 -10 20 -50 0 0 30 -50 -2 0 0 5 0 0 0 -20 -20 -30 -50 0 5 0 30 0 -5 -10 0 -10 50 20 -1
-0.2288977159880834: 0 -2 0 2 -5 2 0 -10 20 -50 0 0 30 -50 -2 0 0 5 0 0 0 -20 -20 -30 -50 0 5 0 30 0 -5 -10 0 -10 50 20 -1
-0.2288977159880834: 0 -2 0 2 -5 2 0 -10 20 -50 0 0 30 -50 -2 0 0 5 0 0 0 -20 -20 -30 -50 0 5 0 30 0 -5 -10 0 -10 50 20 -1
