TrainingAccuracy: 0.826
TestAccuracy: 0.7834226412534763
infeasible
infeasible
infeasible
no_sol
no_sol
no_sol
-0.0635985465068482: 0 0 0 -30 -20 0 0 0 0 30 0 30 30 0 0 0 0 0 0 0 30 -50
-0.06494680938522501: 0 0 -50 -20 -20 0 0 0 0 30 0 30 20 0 0 0 0 0 0 0 30 -50
-0.08691362896463276: 2 0 0 -5 -20 0 0 0 0 30 0 10 20 0 10 0 0 0 0 0 30 -50
-0.10888044854404053: 1 5 -50 -5 -10 0 0 0 0 30 0 0 30 0 0 0 0 -2 0 0 30 -50
-0.13772012035712525: 10 20 0 0 -10 -2 0 2 5 20 0 0 30 0 0 0 0 -5 0 0 30 -50
-0.19391966326312501: 0 2 0 -10 -20 0 0 1 0 30 0 0 30 -5 0 -5 0 0 -5 0 50 -50
-0.19526792614150185: 0 2 0 -10 -20 0 0 1 0 30 0 0 30 -5 0 -5 -2 2 -5 0 50 -50
-0.2090136306088558: 1 1 -50 -10 -5 0 0 0 5 20 0 10 30 -10 0 -2 0 0 -20 0 50 -50
-0.2090136306088558: 1 1 -50 -10 -5 0 0 0 5 20 0 10 30 -10 0 -2 0 0 -20 0 50 -50
-0.2090136306088558: 1 1 -50 -10 -5 0 0 0 5 20 0 10 30 -10 0 -2 0 0 -20 0 50 -50
-0.2103618934872326: -2 0 0 -10 -20 2 0 1 5 30 -10 5 30 -10 5 -10 0 5 -10 0 50 -50
-0.2103618934872326: -2 0 0 -10 -20 2 0 1 5 30 -10 5 30 -10 5 -10 0 5 -10 0 50 -50
-0.21305841924398625: -2 0 -50 -10 -10 2 0 1 5 20 -10 10 20 -10 2 -10 2 5 -10 0 50 -50
-0.21305841924398625: -2 0 -50 -10 -10 2 0 1 5 20 -10 10 20 -10 2 -10 2 5 -10 0 50 -50
-0.2248474983146714: 5 2 0 -20 -10 2 20 -1 10 30 -20 30 30 -10 5 -10 0 0 -20 5 50 -50
-0.2248474983146714: 5 2 0 -20 -10 2 20 -1 10 30 -20 30 30 -10 5 -10 0 0 -20 5 50 -50
