TrainingAccuracy: 0.868
TestAccuracy: 0.8180655625214435
infeasible
infeasible
infeasible
infeasible
infeasible
-0.5085470085470086: 0 0 0 0 0 0 0 0 0 -20 0 0 0 -50 0 0 0 0 0 0 2 0 0 0 0 0 0 0 -20 0 0 0 0 0 30 0 -1
-0.6923076923076923: 0 0 0 0 0 0 0 0 0 -50 0 0 0 -50 0 0 0 0 0 0 0 0 0 -30 0 0 0 10 -50 0 0 -50 0 0 50 0 0
-0.8290598290598291: 0 0 0 10 0 10 0 0 0 -20 0 0 0 -50 0 0 0 0 0 0 0 0 0 -20 0 0 0 5 -50 0 0 0 0 0 20 0 0
-0.8376068376068376: 0 0 0 20 0 0 0 -10 0 -30 0 0 0 -50 0 0 0 0 0 0 20 0 0 0 0 0 0 0 -50 0 0 -30 0 0 30 0 -2
-0.8803418803418803: 0 0 0 2 0 2 0 0 0 -5 0 0 0 -20 0 0 0 0 0 0 0 0 0 -10 0 0 5 2 -30 0 0 -5 0 0 10 0 0
-0.8974358974358975: 0 0 0 20 0 10 0 0 0 -30 0 0 0 -50 0 0 0 0 0 0 0 -20 0 -20 0 0 30 0 -50 0 0 -20 0 0 30 0 1
-0.9230769230769231: 0 0 0 20 0 20 30 0 0 -30 0 0 0 -50 0 0 0 0 0 0 0 -30 0 -30 0 0 0 1 -50 0 0 -50 0 0 30 50 0
-0.9401709401709402: 1 0 0 20 0 20 30 0 0 -30 0 0 0 -50 0 0 0 0 0 0 0 -50 0 -50 0 0 20 0 -50 0 0 -50 0 0 30 50 0
-0.9743589743589743: 0 0 10 10 0 20 20 0 0 -20 0 0 0 -50 0 0 0 0 0 0 0 -20 0 -30 0 -10 0 1 -50 0 0 -50 0 0 30 30 0
-0.9829059829059829: 0 0 10 10 0 0 0 -20 -20 -20 0 0 0 -50 0 0 0 0 0 -20 0 -20 0 -30 0 -10 0 1 -50 0 0 0 20 0 30 30 0
-0.9829059829059829: 0 0 10 10 0 0 0 -20 -20 -20 0 0 0 -50 0 0 0 0 0 -20 0 -20 0 -30 0 -10 0 1 -50 0 0 0 20 0 30 30 0
-0.9829059829059829: 0 0 10 10 0 0 0 -20 -20 -20 0 0 0 -50 0 0 0 0 0 -20 0 -20 0 -30 0 -10 0 1 -50 0 0 0 20 0 30 30 0
-0.9829059829059829: 0 0 10 10 0 0 0 -20 -20 -20 0 0 0 -50 0 0 0 0 0 -20 0 -20 0 -30 0 -10 0 1 -50 0 0 0 20 0 30 30 0
-0.9914529914529915: 0 0 5 2 10 5 2 0 2 -5 -5 0 0 -10 0 0 0 0 0 -30 0 -30 0 -10 0 0 10 0 -50 0 0 -30 0 -5 30 10 -1
-1.0: 0 0 5 2 0 2 0 0 0 -5 -5 0 20 -10 0 0 0 0 0 -30 0 -20 0 -10 2 -2 5 5 -50 0 0 -30 0 -5 30 10 -1
-1.0: 0 0 5 2 0 2 0 0 0 -5 -5 0 20 -10 0 0 0 0 0 -30 0 -20 0 -10 2 -2 5 5 -50 0 0 -30 0 -5 30 10 -1
-1.0: 0 0 5 2 0 2 0 0 0 -5 -5 0 20 -10 0 0 0 0 0 -30 0 -20 0 -10 2 -2 5 5 -50 0 0 -30 0 -5 30 10 -1
-1.0: 0 0 5 2 0 2 0 0 0 -5 -5 0 20 -10 0 0 0 0 0 -30 0 -20 0 -10 2 -2 5 5 -50 0 0 -30 0 -5 30 10 -1
-1.0: 0 0 5 2 0 2 0 0 0 -5 -5 0 20 -10 0 0 0 0 0 -30 0 -20 0 -10 2 -2 5 5 -50 0 0 -30 0 -5 30 10 -1
-1.0: 0 0 5 2 0 2 0 0 0 -5 -5 0 20 -10 0 0 0 0 0 -30 0 -20 0 -10 2 -2 5 5 -50 0 0 -30 0 -5 30 10 -1
-1.0: 0 0 5 2 0 2 0 0 0 -5 -5 0 20 -10 0 0 0 0 0 -30 0 -20 0 -10 2 -2 5 5 -50 0 0 -30 0 -5 30 10 -1
-1.0: 0 0 5 2 0 2 0 0 0 -5 -5 0 20 -10 0 0 0 0 0 -30 0 -20 0 -10 2 -2 5 5 -50 0 0 -30 0 -5 30 10 -1
-1.0: 0 0 10 5 20 5 1 2 -10 -30 -30 -20 -5 -50 0 -1 0 0 0 -30 1 -20 0 -20 -30 -20 -2 30 -50 0 5 -50 10 -5 50 20 0
-1.0: 0 0 10 5 20 5 1 2 -10 -30 -30 -20 -5 -50 0 -1 0 0 0 -30 1 -20 0 -20 -30 -20 -2 30 -50 0 5 -50 10 -5 50 20 0
-1.0: 0 0 10 5 20 5 1 2 -10 -30 -30 -20 -5 -50 0 -1 0 0 0 -30 1 -20 0 -20 -30 -20 -2 30 -50 0 5 -50 10 -5 50 20 0
-1.0: 0 0 10 5 20 5 1 2 -10 -30 -30 -20 -5 -50 0 -1 0 0 0 -30 1 -20 0 -20 -30 -20 -2 30 -50 0 5 -50 10 -5 50 20 0
-1.0: 0 0 10 5 20 5 1 2 -10 -30 -30 -20 -5 -50 0 -1 0 0 0 -30 1 -20 0 -20 -30 -20 -2 30 -50 0 5 -50 10 -5 50 20 0
-1.0: 0 0 10 5 20 5 1 2 -10 -30 -30 -20 -5 -50 0 -1 0 0 0 -30 1 -20 0 -20 -30 -20 -2 30 -50 0 5 -50 10 -5 50 20 0
-1.0: 0 0 10 5 20 5 1 2 -10 -30 -30 -20 -5 -50 0 -1 0 0 0 -30 1 -20 0 -20 -30 -20 -2 30 -50 0 5 -50 10 -5 50 20 0
-1.0: 0 0 10 5 20 5 1 2 -10 -30 -30 -20 -5 -50 0 -1 0 0 0 -30 1 -20 0 -20 -30 -20 -2 30 -50 0 5 -50 10 -5 50 20 0
-1.0: 0 0 10 5 20 5 1 2 -10 -30 -30 -20 -5 -50 0 -1 0 0 0 -30 1 -20 0 -20 -30 -20 -2 30 -50 0 5 -50 10 -5 50 20 0
-1.0: 0 0 10 5 20 5 1 2 -10 -30 -30 -20 -5 -50 0 -1 0 0 0 -30 1 -20 0 -20 -30 -20 -2 30 -50 0 5 -50 10 -5 50 20 0
