TrainingAccuracy: 0.71
TestAccuracy: 0.6425379803395889
infeasible
infeasible
-0.25727166257560447: 0 0 5 0 0 0 0 0 0 0 0 0 0 0 0 -2 0 0 0 0 0 0 0 0 5 0 0 0
-0.5698448605027996: 0 0 0 0 0 -20 0 0 0 30 0 0 0 0 0 -20 0 0 0 0 0 0 0 0 0 50 0 0
-0.5740642697855: 0 0 0 0 0 -20 0 0 0 30 0 0 0 0 0 0 0 0 -20 0 0 0 0 0 0 50 0 -1
-0.6285475926906355: 0 0 0 0 0 -50 0 -30 0 30 0 0 0 0 0 0 0 0 0 0 0 0 0 0 30 50 0 -1
-0.6513612809035633: 0 0 0 0 0 -50 -30 0 0 50 0 0 0 0 0 0 0 0 0 0 0 0 0 0 30 30 -10 -1
-0.6602172273828432: 0 -20 0 0 0 -30 -20 0 0 30 0 0 0 0 -20 0 0 0 0 0 0 0 0 0 50 0 -20 -1
-0.6935553737305674: 0 -30 0 0 0 -30 -30 0 0 50 0 0 0 0 0 0 0 30 0 0 0 0 0 0 10 30 -20 -2
-0.6960581412138422: 50 -10 0 0 0 -20 -10 0 0 30 0 0 0 0 -20 0 0 0 0 0 0 -20 0 0 30 0 -20 -1
-0.6960581412138422: 50 -10 0 0 0 -20 -10 0 0 30 0 0 0 0 -20 0 0 0 0 0 0 -20 0 0 30 0 -20 -1
-0.7137700341724021: 0 -5 0 -10 0 -30 -5 -20 -5 30 0 0 0 0 -5 0 0 0 5 0 0 0 0 0 20 10 0 1
-0.7137700341724021: 0 -5 0 -10 0 -30 -5 -20 -5 30 0 0 0 0 -5 0 0 0 5 0 0 0 0 0 20 10 0 1
-0.7158556737417978: 0 -5 1 -20 0 -30 0 -30 -2 30 0 0 0 10 -50 0 20 0 5 0 50 0 0 0 20 10 0 0
-0.7238773643933196: 5 -10 0 -20 0 -50 -10 -5 -10 50 0 0 0 0 -20 0 20 0 10 0 0 0 0 0 30 20 5 1
-0.7238773643933196: 5 -10 0 -20 0 -50 -10 -5 -10 50 0 0 0 0 -20 0 20 0 10 0 0 0 0 0 30 20 5 1
-0.7323161829587204: 5 -10 0 -30 0 -50 -2 -30 -10 50 0 0 0 20 -20 1 30 0 10 0 0 0 2 0 30 20 5 0
-0.7323161829587204: 5 -10 0 -30 0 -50 -2 -30 -10 50 0 0 0 20 -20 1 30 0 10 0 0 0 2 0 30 20 5 0
-0.7323161829587204: 5 -10 0 -30 0 -50 -2 -30 -10 50 0 0 0 20 -20 1 30 0 10 0 0 0 2 0 30 20 5 0
-0.7323161829587204: 5 -10 0 -30 0 -50 -2 -30 -10 50 0 0 0 20 -20 1 30 0 10 0 0 0 2 0 30 20 5 0
-0.7335675667003578: 10 -10 0 -20 0 -50 -5 -10 -10 50 -2 0 0 10 -50 1 10 0 5 -2 0 0 0 -5 30 20 2 10
-0.7335675667003578: 10 -10 0 -20 0 -50 -5 -10 -10 50 -2 0 0 10 -50 1 10 0 5 -2 0 0 0 -5 30 20 2 10
-0.7335675667003578: 10 -10 0 -20 0 -50 -5 -10 -10 50 -2 0 0 10 -50 1 10 0 5 -2 0 0 0 -5 30 20 2 10
-0.7335675667003578: 10 -10 0 -20 0 -50 -5 -10 -10 50 -2 0 0 10 -50 1 10 0 5 -2 0 0 0 -5 30 20 2 10
-0.7335675667003578: 10 -10 0 -20 0 -50 -5 -10 -10 50 -2 0 0 10 -50 1 10 0 5 -2 0 0 0 -5 30 20 2 10
-0.7335675667003578: 10 -10 0 -20 0 -50 -5 -10 -10 50 -2 0 0 10 -50 1 10 0 5 -2 0 0 0 -5 30 20 2 10
-0.7335675667003578: 10 -10 0 -20 0 -50 -5 -10 -10 50 -2 0 0 10 -50 1 10 0 5 -2 0 0 0 -5 30 20 2 10
-0.7335675667003578: 10 -10 0 -20 0 -50 -5 -10 -10 50 -2 0 0 10 -50 1 10 0 5 -2 0 0 0 -5 30 20 2 10
