TrainingAccuracy: 0.71
TestAccuracy: 0.6425379803395889
infeasible
infeasible
infeasible
infeasible
0.22324365083184933: 0 0 30 0 -20 0 0 0 0 0 0 0 0 0 0 0 0 0 -20 0 0 -50 0 0 0 50 0 0
0.17001171166835122: 0 0 5 0 -2 0 0 0 0 -2 0 0 0 0 0 0 0 0 -2 0 0 -50 0 0 0 50 0 0
0.09823362371853495: 0 0 0 -5 0 -10 0 0 2 0 5 0 0 0 0 0 0 0 -1 5 0 0 0 0 0 30 0 0
0.05603953089153069: 0 30 0 0 0 -10 0 0 5 0 30 0 0 0 0 0 0 0 -30 0 0 -50 0 0 0 50 0 -1
0.033963838218542985: 0 0 20 0 -20 0 -30 0 0 0 30 0 0 0 30 0 0 0 -20 0 0 0 0 10 0 50 0 1
-0.03178193836132903: 0 50 20 20 0 0 0 0 0 -20 20 0 0 0 30 0 0 0 -30 0 0 0 -30 0 0 50 0 5
-0.04824244757825158: 0 30 20 10 0 0 0 0 0 -10 20 0 0 0 30 0 0 0 -30 0 0 -50 -20 0 0 50 0 5
-0.12465707272464743: 0 0 50 0 -30 -5 -30 0 -20 -30 50 0 0 0 0 -2 0 0 0 0 0 0 0 5 50 50 -20 0
-0.1618937607290113: 0 20 50 0 -20 0 -30 0 -20 -30 50 0 0 0 50 0 0 0 0 0 0 0 -10 0 50 50 -30 -1
-0.1627280165567695: 0 20 50 0 -20 0 -50 20 -20 -30 50 0 0 0 50 0 0 0 0 0 0 0 -10 0 50 50 -30 -1
-0.19564903499061465: 0 0 50 -2 -30 1 -50 0 -20 -30 50 0 0 0 50 0 0 0 0 0 -2 0 -2 5 50 50 -20 0
-0.21294380003529545: 5 0 50 0 -30 0 -50 5 -20 -30 50 0 0 30 50 0 0 0 0 0 0 0 -10 10 50 50 -20 -2
-0.2213826186006963: 10 0 50 0 -30 0 -50 10 -20 -30 50 0 0 5 50 -1 -5 0 0 0 0 0 -10 2 50 50 -20 0
-0.22857005342445974: 5 0 30 2 -30 0 -50 10 -20 -30 30 0 -2 0 30 10 0 0 0 5 0 0 0 10 50 30 -20 1
-0.23534036033434408: 10 0 30 -5 -20 -2 -50 20 -20 -30 30 0 0 0 50 10 0 0 0 2 0 0 -2 10 50 30 -20 1
-0.2370088719898606: 10 5 30 -2 -20 0 -30 0 -20 -50 10 0 -20 0 5 -1 -10 0 0 2 0 0 -5 10 50 30 -20 30
-0.24336205098586583: 5 -2 30 -2 -30 1 -50 5 -20 -30 30 0 -5 0 50 20 0 0 -2 0 0 -20 -2 10 50 30 -20 0
-0.24336205098586583: 5 -2 30 -2 -30 1 -50 5 -20 -30 30 0 -5 0 50 20 0 0 -2 0 0 -20 -2 10 50 30 -20 0
-0.24336205098586583: 5 -2 30 -2 -30 1 -50 5 -20 -30 30 0 -5 0 50 20 0 0 -2 0 0 -20 -2 10 50 30 -20 0
-0.24461343472750313: 10 0 30 -10 -20 -2 -50 10 -10 -50 5 0 -30 -20 10 50 20 50 0 -2 -20 0 -20 -2 30 30 -20 -2
-0.24461343472750313: 10 5 30 -5 -20 2 -50 10 -10 -50 5 0 -30 -10 10 -1 -30 0 -5 -10 -30 0 -20 -2 30 30 -20 50
-0.25054948580962927: 30 10 30 0 -10 -2 -50 30 10 -50 5 -5 -2 -5 0 5 -30 50 -5 20 -30 -30 -30 5 50 30 5 -2
-0.25054948580962927: 30 10 30 0 -10 -2 -50 30 10 -50 5 -5 -2 -5 0 5 -30 50 -5 20 -30 -30 -30 5 50 30 5 -2
-0.25054948580962927: 30 10 30 0 -10 -2 -50 30 10 -50 5 -5 -2 -5 0 5 -30 50 -5 20 -30 -30 -30 5 50 30 5 -2
