TrainingAccuracy: 0.898
TestAccuracy: 0.819344374785565
infeasible
infeasible
infeasible
infeasible
infeasible
infeasible
infeasible
no_sol
no_sol
no_sol
no_sol
no_sol
no_sol
no_sol
no_sol
no_sol
no_sol
no_sol
0.1603294974456877: -2 -50 0 10 0 20 30 0 0 0 0 20 5 -10 30 -50 0 0 0 0 50 0 0 -50 -20 0 0 0 20 0 0 0 -30 -30 50 10 -50
0.1195312085697619: 0 -20 0 0 0 0 20 0 0 0 2 5 30 0 10 -30 0 -20 0 0 50 -50 0 0 -50 -2 0 -50 0 0 2 -20 0 -5 20 2 -1
0.10424068869208605: 0 -20 0 0 -30 0 20 0 0 0 2 5 30 0 10 -30 0 -20 0 0 50 -30 0 0 -50 -2 0 -50 0 0 0 -30 0 -5 20 2 -1
0.10424068869208605: 0 -20 0 0 -30 0 20 0 0 0 2 5 30 0 10 -30 0 -20 0 0 50 -30 0 0 -50 -2 0 -50 0 0 0 -30 0 -5 20 2 -1
0.10424068869208605: 0 -20 0 0 -30 0 20 0 0 0 2 5 30 0 10 -30 0 -20 0 0 50 -30 0 0 -50 -2 0 -50 0 0 0 -30 0 -5 20 2 -1
0.10424068869208605: 0 -20 0 0 -30 0 20 0 0 0 2 5 30 0 10 -30 0 -20 0 0 50 -30 0 0 -50 -2 0 -50 0 0 0 -30 0 -5 20 2 -1
0.10424068869208605: 0 -20 0 0 -30 0 20 0 0 0 2 5 30 0 10 -30 0 -20 0 0 50 -30 0 0 -50 -2 0 -50 0 0 0 -30 0 -5 20 2 -1
0.09267999505046756: 1 -20 -2 0 -30 0 20 0 -10 -5 5 10 30 -20 10 -30 0 -10 0 0 50 -50 -30 0 -30 0 0 -50 2 0 5 5 0 5 20 10 -5
0.09267999505046756: 1 -20 -2 0 -30 0 20 0 -10 -5 5 10 30 -20 10 -30 0 -10 0 0 50 -50 -30 0 -30 0 0 -50 2 0 5 5 0 5 20 10 -5
0.09267999505046756: 1 -20 -2 0 -30 0 20 0 -10 -5 5 10 30 -20 10 -30 0 -10 0 0 50 -50 -30 0 -30 0 0 -50 2 0 5 5 0 5 20 10 -5
0.09267999505046756: 1 -20 -2 0 -30 0 20 0 -10 -5 5 10 30 -20 10 -30 0 -10 0 0 50 -50 -30 0 -30 0 0 -50 2 0 5 5 0 5 20 10 -5
0.09267999505046756: 1 -20 -2 0 -30 0 20 0 -10 -5 5 10 30 -20 10 -30 0 -10 0 0 50 -50 -30 0 -30 0 0 -50 2 0 5 5 0 5 20 10 -5
0.09267999505046756: 1 -20 -2 0 -30 0 20 0 -10 -5 5 10 30 -20 10 -30 0 -10 0 0 50 -50 -30 0 -30 0 0 -50 2 0 5 5 0 5 20 10 -5
0.09267999505046756: 1 -20 -2 0 -30 0 20 0 -10 -5 5 10 30 -20 10 -30 0 -10 0 0 50 -50 -30 0 -30 0 0 -50 2 0 5 5 0 5 20 10 -5
0.0889501688144102: 1 -20 -10 0 -20 0 20 -5 -2 -2 0 10 30 -20 2 -30 0 -10 -2 -20 50 -50 -20 -10 -30 2 0 0 50 0 -5 10 0 -2 20 10 -50
0.07772533630305281: 1 -20 -10 0 -20 0 20 -5 -2 -2 5 10 30 -20 2 -30 0 -10 -2 -5 50 -50 0 -10 -30 2 0 0 50 0 0 10 0 -2 20 10 -50
0.07772533630305281: 1 -20 -10 0 -20 0 20 -5 -2 -2 5 10 30 -20 2 -30 0 -10 -2 -5 50 -50 0 -10 -30 2 0 0 50 0 0 10 0 -2 20 10 -50
0.07772533630305281: 1 -20 -10 0 -20 0 20 -5 -2 -2 5 10 30 -20 2 -30 0 -10 -2 -5 50 -50 0 -10 -30 2 0 0 50 0 0 10 0 -2 20 10 -50
0.07772533630305281: 1 -20 -10 0 -20 0 20 -5 -2 -2 5 10 30 -20 2 -30 0 -10 -2 -5 50 -50 0 -10 -30 2 0 0 50 0 0 10 0 -2 20 10 -50
