TrainingAccuracy: 0.862
TestAccuracy: 0.7887811164620497
no_sol
no_sol
no_sol
no_sol
no_sol
no_sol
no_sol
no_sol
-0.06698187549251378: 0 0 0 0 -50 0 0 -50 50 5 0 -30 0 30 0 -30 -20 0 0 0 0 -1
-0.08274231678486993: 0 0 0 0 -50 0 0 -50 50 50 0 -50 -20 50 0 0 -20 0 -30 0 0 -2
-0.12805358550039403: -30 -30 0 0 -50 0 0 -50 50 10 -20 0 0 50 0 -30 -30 0 0 0 0 -2
-0.12805358550039403: -30 -30 0 0 -50 0 0 -50 50 10 -20 0 0 50 0 -30 -30 0 0 0 0 -2
-0.18912529550827423: 0 -30 0 -20 -50 0 0 -50 30 50 -20 0 -30 50 0 -30 -30 0 0 0 2 -1
-0.18912529550827423: 0 -30 0 -20 -50 0 0 -50 30 50 -20 0 -30 50 0 -30 -30 0 0 0 2 -1
-0.18912529550827423: 0 -30 0 -20 -50 0 0 -50 30 50 -20 0 -30 50 0 -30 -30 0 0 0 2 -1
-0.2687155240346729: 0 -50 0 5 -50 0 0 -50 50 50 -30 1 0 30 0 -50 -10 5 -30 20 30 -50
-0.2872340425531915: 0 -30 0 5 -30 1 0 -50 50 20 20 -10 -2 20 -20 -30 0 0 -30 30 30 -50
-0.2872340425531915: 0 -30 0 5 -30 1 0 -50 50 20 20 -10 -2 20 -20 -30 0 0 -30 30 30 -50
-0.2872340425531915: 0 -30 0 5 -30 1 0 -50 50 20 20 -10 -2 20 -20 -30 0 0 -30 30 30 -50
-0.2872340425531915: 0 -30 0 5 -30 1 0 -50 50 20 20 -10 -2 20 -20 -30 0 0 -30 30 30 -50
-0.2872340425531915: 0 -30 0 5 -30 1 0 -50 50 20 20 -10 -2 20 -20 -30 0 0 -30 30 30 -50
-0.2872340425531915: 0 -30 0 5 -30 1 0 -50 50 20 20 -10 -2 20 -20 -30 0 0 -30 30 30 -50
