TrainingAccuracy: 0.886
TestAccuracy: 0.8026574342659306
infeasible
infeasible
infeasible
infeasible
infeasible
infeasible
no_sol
no_sol
no_sol
no_sol
no_sol
-0.5253227408142999: 1 -50 0 0 0 0 0 0 0 -30 0 0 0 -50 20 0 0 0 0 0 30 0 0 -2 -50 0 2 0 -30 -20 0 0 0 0 50 0 0
-0.5253227408142999: 1 -50 0 0 0 0 0 0 0 -30 0 0 0 -50 20 0 0 0 0 0 30 0 0 -2 -50 0 2 0 -30 -20 0 0 0 0 50 0 0
-0.6196623634558094: 1 -50 0 0 0 0 0 0 0 -20 0 0 30 -50 30 0 0 0 10 0 30 0 0 -20 -50 0 -2 0 -30 -20 0 0 0 0 50 0 0
-0.6290963257199603: 1 -50 0 0 0 0 0 0 10 -20 0 0 30 -50 20 0 0 0 10 0 30 0 0 -20 -50 0 -2 0 -30 -20 0 0 0 0 50 0 0
-0.6290963257199603: 1 -50 0 0 0 0 0 0 10 -20 0 0 30 -50 20 0 0 0 10 0 30 0 0 -20 -50 0 -2 0 -30 -20 0 0 0 0 50 0 0
-0.839622641509434: 2 -30 5 0 0 2 20 0 0 -10 0 0 0 -50 20 0 0 0 5 -10 0 -10 0 -30 -30 0 2 0 -50 0 0 20 0 0 30 0 0
-0.839622641509434: 2 -30 5 0 0 2 20 0 0 -10 0 0 0 -50 20 0 0 0 5 -10 0 -10 0 -30 -30 0 2 0 -50 0 0 20 0 0 30 0 0
-0.839622641509434: 2 -30 5 0 0 2 20 0 0 -10 0 0 0 -50 20 0 0 0 5 -10 0 -10 0 -30 -30 0 2 0 -50 0 0 20 0 0 30 0 0
-0.839622641509434: 2 -30 5 0 0 2 20 0 0 -10 0 0 0 -50 20 0 0 0 5 -10 0 -10 0 -30 -30 0 2 0 -50 0 0 20 0 0 30 0 0
-0.839622641509434: 2 -30 5 0 0 2 20 0 0 -10 0 0 0 -50 20 0 0 0 5 -10 0 -10 0 -30 -30 0 2 0 -50 0 0 20 0 0 30 0 0
-0.8435948361469712: 5 -10 -2 0 -5 0 0 -5 2 -5 0 0 30 -50 2 0 0 0 2 0 0 -10 0 -20 -30 0 -2 0 -50 0 10 10 0 -10 50 20 1
-0.8435948361469712: 5 -10 -2 0 -5 0 0 -5 2 -5 0 0 30 -50 2 0 0 0 2 0 0 -10 0 -20 -30 0 -2 0 -50 0 10 10 0 -10 50 20 1
-0.8435948361469712: 5 -10 -2 0 -5 0 0 -5 2 -5 0 0 30 -50 2 0 0 0 2 0 0 -10 0 -20 -30 0 -2 0 -50 0 10 10 0 -10 50 20 1
-0.8435948361469712: 5 -10 -2 0 -5 0 0 -5 2 -5 0 0 30 -50 2 0 0 0 2 0 0 -10 0 -20 -30 0 -2 0 -50 0 10 10 0 -10 50 20 1
-0.8530287984111222: -1 -20 -2 0 -5 2 0 -5 20 -2 2 5 50 -50 -2 0 0 2 5 0 0 -20 0 -30 -30 0 2 0 -50 0 10 10 0 -10 50 30 0
-0.8530287984111222: -1 -20 -2 0 -5 2 0 -5 20 -2 2 5 50 -50 -2 0 0 2 5 0 0 -20 0 -30 -30 0 2 0 -50 0 10 10 0 -10 50 30 0
-0.9056603773584906: -1 -20 -2 0 -5 2 0 -5 20 -2 2 5 50 -50 -2 0 0 2 5 -5 0 -20 0 -30 -30 0 2 10 -50 0 10 10 0 -10 50 30 -10
-0.9056603773584906: -1 -20 -2 0 -5 2 0 -5 20 -2 2 5 50 -50 -2 0 0 2 5 -5 0 -20 0 -30 -30 0 2 10 -50 0 10 10 0 -10 50 30 -10
-0.9056603773584906: -1 -20 -2 0 -5 2 0 -5 20 -2 2 5 50 -50 -2 0 0 2 5 -5 0 -20 0 -30 -30 0 2 10 -50 0 10 10 0 -10 50 30 -10
-0.9056603773584906: -1 -20 -2 0 -5 2 0 -5 20 -2 2 5 50 -50 -2 0 0 2 5 -5 0 -20 0 -30 -30 0 2 10 -50 0 10 10 0 -10 50 30 -10
-0.9056603773584906: -1 -20 -2 0 -5 2 0 -5 20 -2 2 5 50 -50 -2 0 0 2 5 -5 0 -20 0 -30 -30 0 2 10 -50 0 10 10 0 -10 50 30 -10
-0.9056603773584906: -1 -20 -2 0 -5 2 0 -5 20 -2 2 5 50 -50 -2 0 0 2 5 -5 0 -20 0 -30 -30 0 2 10 -50 0 10 10 0 -10 50 30 -10
-0.9056603773584906: -1 -20 -2 0 -5 2 0 -5 20 -2 2 5 50 -50 -2 0 0 2 5 -5 0 -20 0 -30 -30 0 2 10 -50 0 10 10 0 -10 50 30 -10
-0.9056603773584906: -1 -20 -2 0 -5 2 0 -5 20 -2 2 5 50 -50 -2 0 0 2 5 -5 0 -20 0 -30 -30 0 2 10 -50 0 10 10 0 -10 50 30 -10
-0.9056603773584906: -1 -20 -2 0 -5 2 0 -5 20 -2 2 5 50 -50 -2 0 0 2 5 -5 0 -20 0 -30 -30 0 2 10 -50 0 10 10 0 -10 50 30 -10
-0.9056603773584906: -1 -20 -2 0 -5 2 0 -5 20 -2 2 5 50 -50 -2 0 0 2 5 -5 0 -20 0 -30 -30 0 2 10 -50 0 10 10 0 -10 50 30 -10
