TrainingAccuracy: 0.892
TestAccuracy: 0.8113907863135897
infeasible
infeasible
infeasible
infeasible
infeasible
infeasible
infeasible
infeasible
no_sol
no_sol
no_sol
no_sol
no_sol
no_sol
-0.3067480359147026: 0 0 0 2 0 -5 0 0 0 -20 -10 0 0 -50 20 0 0 0 0 -30 30 -30 -50 0 -20 0 0 0 -5 -5 0 0 0 0 20 0 -1
-0.3207070707070707: 1 0 0 2 0 -2 0 0 0 -20 -10 0 0 -50 5 0 0 0 0 -30 20 -30 -20 -2 -20 0 0 0 -5 0 2 0 0 0 10 0 0
-0.3207070707070707: 1 0 0 2 0 -2 0 0 0 -20 -10 0 0 -50 5 0 0 0 0 -30 20 -30 -20 -2 -20 0 0 0 -5 0 2 0 0 0 10 0 0
-0.3382435465768799: 1 0 10 20 0 -5 0 0 0 -2 0 30 0 -50 20 0 0 -2 0 0 50 -30 0 0 -30 0 10 0 -10 -5 0 0 -50 -50 20 0 0
-0.341820987654321: 1 0 0 5 0 0 2 0 10 -2 0 5 0 -50 5 0 0 -2 0 -50 30 5 0 0 -5 0 20 0 -5 0 5 0 -30 -30 5 0 0
-0.35058922558922556: 1 -5 0 2 0 0 10 -2 2 -2 0 30 30 -50 20 0 0 0 0 -50 50 0 0 0 -30 0 5 0 -20 0 20 0 -50 -50 20 0 0
-0.35837542087542085: 1 -10 0 5 0 0 2 -5 5 -2 0 30 30 -50 20 0 0 -2 0 -50 50 0 0 0 -30 0 10 0 -30 0 30 0 -50 -50 20 0 0
-0.36517957351290686: 0 0 5 10 20 0 2 -5 30 -2 0 30 -10 -50 20 0 0 -2 0 -50 0 -30 0 -50 -50 0 5 0 -50 -5 0 0 0 0 30 0 1
-0.3872755331088665: 10 -10 0 5 2 -10 -5 0 0 -20 -10 5 0 -50 2 0 0 0 -2 -50 20 -10 0 0 -30 0 2 0 -30 0 10 0 -2 -5 20 0 1
-0.3872755331088665: 10 -10 0 5 2 -10 -5 0 0 -20 -10 5 0 -50 2 0 0 0 -2 -50 20 -10 0 0 -30 0 2 0 -30 0 10 0 -2 -5 20 0 1
-0.3934483726150393: 30 -10 0 5 2 -10 -5 0 0 -20 -10 5 0 -50 5 0 0 0 -2 -50 0 -30 -50 -20 -30 0 2 0 -30 0 10 0 -2 -5 20 2 1
-0.3934483726150393: 30 -10 0 5 2 -10 -5 0 0 -20 -10 5 0 -50 5 0 0 0 -2 -50 0 -30 -50 -20 -30 0 2 0 -30 0 10 0 -2 -5 20 2 1
-0.39604377104377103: 10 -10 -2 5 2 -5 1 2 0 -20 -10 0 -5 -50 10 0 0 0 -2 -50 20 -5 0 0 -30 -5 -1 0 -30 1 10 0 -2 -5 20 2 0
-0.39604377104377103: 30 -10 -2 5 2 -5 1 2 0 -20 -5 0 -5 -50 10 0 0 0 -2 -50 20 -5 0 0 -30 -5 -1 0 -30 1 10 0 -2 -5 20 2 -20
-0.39604377104377103: 30 -10 -2 5 2 -5 1 2 0 -20 -5 0 -5 -50 10 0 0 0 -2 -50 20 -5 0 0 -30 -5 -1 0 -30 1 10 0 -2 -5 20 2 -20
-0.39604377104377103: 30 -10 -2 5 2 -5 1 2 0 -20 -5 0 -5 -50 10 0 0 0 -2 -50 20 -5 0 0 -30 -5 -1 0 -30 1 10 0 -2 -5 20 2 -20
-0.39604377104377103: 30 -10 -2 5 2 -5 1 2 0 -20 -5 0 -5 -50 10 0 0 0 -2 -50 20 -5 0 0 -30 -5 -1 0 -30 1 10 0 -2 -5 20 2 -20
-0.39604377104377103: 30 -10 -2 5 2 -5 1 2 0 -20 -5 0 -5 -50 10 0 0 0 -2 -50 20 -5 0 0 -30 -5 -1 0 -30 1 10 0 -2 -5 20 2 -20
-0.39604377104377103: 30 -10 -2 5 2 -5 1 2 0 -20 -5 0 -5 -50 10 0 0 0 -2 -50 20 -5 0 0 -30 -5 -1 0 -30 1 10 0 -2 -5 20 2 -20
-0.39604377104377103: 30 -10 -2 5 2 -5 1 2 0 -20 -5 0 -5 -50 10 0 0 0 -2 -50 20 -5 0 0 -30 -5 -1 0 -30 1 10 0 -2 -5 20 2 -20
-0.39604377104377103: 30 -10 -2 5 2 -5 1 2 0 -20 -5 0 -5 -50 10 0 0 0 -2 -50 20 -5 0 0 -30 -5 -1 0 -30 1 10 0 -2 -5 20 2 -20
-0.39604377104377103: 30 -10 -2 5 2 -5 1 2 0 -20 -5 0 -5 -50 10 0 0 0 -2 -50 20 -5 0 0 -30 -5 -1 0 -30 1 10 0 -2 -5 20 2 -20
-0.39604377104377103: 30 -10 -2 5 2 -5 1 2 0 -20 -5 0 -5 -50 10 0 0 0 -2 -50 20 -5 0 0 -30 -5 -1 0 -30 1 10 0 -2 -5 20 2 -20
