TrainingAccuracy: 0.848
TestAccuracy: 0.7956318252730109
infeasible
infeasible
infeasible
infeasible
no_sol
no_sol
-0.013482280431432958: -5 -5 0 0 0 0 0 0 2 0 0 0 10 0 0 -5 0 0 -5 0 0 -1
-0.03620955315870572: 0 0 0 30 0 0 0 0 30 5 0 0 50 0 -30 -20 0 10 0 0 0 -50
-0.1271186440677966: -10 -20 0 0 0 0 0 0 20 0 0 0 50 0 -20 -20 0 0 -10 0 -10 -1
-0.211864406779661: -5 -30 0 0 0 0 0 0 5 2 0 0 10 0 0 -5 2 0 -2 0 -5 -1
-0.25115562403697994: 0 -50 0 0 0 1 0 -1 50 2 0 -5 30 0 0 0 0 2 0 -2 -5 -50
-0.26309707241910635: -5 -20 0 0 0 0 0 0 10 5 0 0 30 -5 -10 -10 2 0 -5 0 -10 -1
-0.31432973805855163: -20 0 0 -2 0 0 0 -2 20 5 0 0 50 -2 -20 -20 10 0 -10 0 -20 1
-0.31432973805855163: -20 0 0 -2 0 0 0 -2 20 5 0 0 50 -2 -20 -20 10 0 -10 0 -20 1
-0.4333590138674885: 0 2 0 -2 2 0 0 -20 20 5 0 0 50 50 0 5 -50 -2 -30 -10 -30 -1
-0.4333590138674885: 0 2 0 -2 2 0 0 -20 20 5 0 0 50 50 0 5 -50 -2 -30 -10 -30 -1
-0.4503081664098614: 0 2 5 -2 2 0 0 -20 20 5 0 0 50 50 -5 5 -50 -2 -30 -10 -30 -1
-0.4503081664098614: 0 2 5 -2 2 0 0 -20 20 5 0 0 50 50 -5 5 -50 -2 -30 -10 -30 -1
-0.4503081664098614: 0 2 5 -2 2 0 0 -20 20 5 0 0 50 50 -5 5 -50 -2 -30 -10 -30 -1
-0.4503081664098614: 0 2 5 -2 2 0 0 -20 20 5 0 0 50 50 -5 5 -50 -2 -30 -10 -30 -1
-0.4503081664098614: 0 2 5 -2 2 0 0 -20 20 5 0 0 50 50 -5 5 -50 -2 -30 -10 -30 -1
-0.4503081664098614: 0 2 5 -2 2 0 0 -20 20 5 0 0 50 50 -5 5 -50 -2 -30 -10 -30 -1
