TrainingAccuracy: 0.808
TestAccuracy: 0.7850844468561351
infeasible
infeasible
no_sol
no_sol
-0.050913447139862233: 0 0 0 0 0 0 0 0 20 0 0 20 50 -50 0 0 0 0 0 0 0 -30
-0.1722072476789458: 0 0 0 0 -20 0 0 0 30 0 2 0 0 0 0 -10 0 0 0 0 -10 -1
-0.24348607367475295: 0 0 0 0 0 2 0 -2 30 0 0 50 0 0 0 -30 0 0 0 0 -30 -30
-0.391434561245882: -5 0 0 0 -10 0 0 -30 30 0 0 0 30 0 0 0 0 5 0 0 -30 -1
-0.42318059299191374: -5 0 0 0 -10 0 -30 -30 30 0 0 0 20 0 0 0 0 5 0 0 -30 -1
-0.4351602276130578: -10 0 0 0 -10 0 0 -20 30 0 2 20 2 5 0 0 0 0 0 0 -30 -1
-0.4351602276130578: -10 0 0 0 -10 0 0 -20 30 0 2 20 2 5 0 0 0 0 0 0 -30 -1
-0.5205151242887092: 0 0 0 -2 -20 0 0 -30 50 -10 20 0 30 0 -5 0 0 0 -5 -2 -50 1
-0.5561545372866128: -5 -2 0 0 -10 0 0 -20 30 -5 0 20 20 -30 0 -5 0 0 2 0 -50 -1
-0.5561545372866128: -5 -2 0 0 -10 0 0 -20 30 -5 0 20 20 -30 0 -5 0 0 2 0 -50 -1
-0.5720275531596286: -5 0 0 0 -10 -5 0 -20 30 -5 5 20 20 -30 0 -5 -5 0 2 0 -50 -1
-0.5720275531596286: -5 0 0 0 -10 -5 0 -20 30 -5 5 20 20 -30 0 -5 -5 0 2 0 -50 -1
-0.5720275531596286: -5 0 0 0 -10 -5 0 -20 30 -5 5 20 20 -30 0 -5 -5 0 2 0 -50 -1
-0.5908954776879305: -5 -30 -30 0 0 -5 -30 -20 50 -30 30 0 30 -30 -2 -20 5 2 0 0 -50 -1
-0.5908954776879305: -5 -30 -30 0 0 -5 -30 -20 50 -30 30 0 30 -30 -2 -20 5 2 0 0 -50 -1
-0.6097634022162324: -5 0 0 1 -10 -2 -30 -20 50 -30 5 20 20 -20 -5 -10 -5 0 5 -2 -50 0
-0.6097634022162324: -5 0 0 1 -10 -2 -30 -20 50 -30 5 20 20 -20 -5 -10 -5 0 5 -2 -50 0
-0.6097634022162324: -5 0 0 1 -10 -2 -30 -20 50 -30 5 20 20 -20 -5 -10 -5 0 5 -2 -50 0
