TrainingAccuracy: 0.896
TestAccuracy: 0.8198122329309754
infeasible
infeasible
infeasible
infeasible
infeasible
infeasible
infeasible
no_sol
no_sol
0.21046195896495296: 0 -50 0 0 0 0 0 -50 0 -50 0 0 0 -30 0 0 0 0 0 0 30 0 0 0 -10 0 30 0 0 0 0 0 0 -20 0 5 -1
0.21046195896495296: 0 -50 0 0 0 0 0 -50 0 -50 0 0 0 -30 0 0 0 0 0 0 30 0 0 0 -10 0 30 0 0 0 0 0 0 -20 0 5 -1
0.21046195896495296: 0 -50 0 0 0 0 0 -50 0 -50 0 0 0 -30 0 0 0 0 0 0 30 0 0 0 -10 0 30 0 0 0 0 0 0 -20 0 5 -1
0.21046195896495296: 0 -50 0 0 0 0 0 -50 0 -50 0 0 0 -30 0 0 0 0 0 0 30 0 0 0 -10 0 30 0 0 0 0 0 0 -20 0 5 -1
0.21046195896495296: 0 -50 0 0 0 0 0 -50 0 -50 0 0 0 -30 0 0 0 0 0 0 30 0 0 0 -10 0 30 0 0 0 0 0 0 -20 0 5 -1
0.21046195896495296: 0 -50 0 0 0 0 0 -50 0 -50 0 0 0 -30 0 0 0 0 0 0 30 0 0 0 -10 0 30 0 0 0 0 0 0 -20 0 5 -1
0.21046195896495296: 0 -50 0 0 0 0 0 -50 0 -50 0 0 0 -30 0 0 0 0 0 0 30 0 0 0 -10 0 30 0 0 0 0 0 0 -20 0 5 -1
0.21046195896495296: 0 -50 0 0 0 0 0 -50 0 -50 0 0 0 -30 0 0 0 0 0 0 30 0 0 0 -10 0 30 0 0 0 0 0 0 -20 0 5 -1
0.21046195896495296: 0 -50 0 0 0 0 0 -50 0 -50 0 0 0 -30 0 0 0 0 0 0 30 0 0 0 -10 0 30 0 0 0 0 0 0 -20 0 5 -1
0.14759669849490212: -1 -50 0 0 0 0 0 -50 0 -30 0 10 -20 -30 10 2 0 -30 -1 0 50 0 0 0 -30 -20 20 0 5 0 -10 0 0 0 10 2 0
0.14759669849490212: -1 -50 0 0 0 0 0 -50 0 -30 0 10 -20 -30 10 2 0 -30 -1 0 50 0 0 0 -30 -20 20 0 5 0 -10 0 0 0 10 2 0
0.14759669849490212: -1 -50 0 0 0 0 0 -50 0 -30 0 10 -20 -30 10 2 0 -30 -1 0 50 0 0 0 -30 -20 20 0 5 0 -10 0 0 0 10 2 0
0.11449173724622827: 0 -50 0 5 0 0 -2 -50 -30 0 -10 30 10 0 20 0 0 -30 -2 -30 50 20 0 0 -20 -5 30 0 0 1 0 0 0 2 30 10 -50
0.10247972523421625: 0 -50 0 2 0 0 0 -50 -30 0 -5 30 5 0 10 5 0 -30 -2 -30 50 20 0 10 -10 -2 30 0 0 1 -10 0 0 0 10 5 -50
0.10247972523421625: 0 -50 0 2 0 0 0 -50 -30 0 -5 30 5 0 10 5 0 -30 -2 -30 50 20 0 10 -10 -2 30 0 0 1 -10 0 0 0 10 5 -50
0.10247972523421625: 0 -50 0 2 0 0 0 -50 -30 0 -5 30 5 0 10 5 0 -30 -2 -30 50 20 0 10 -10 -2 30 0 0 1 -10 0 0 0 10 5 -50
0.10247972523421625: 0 -50 0 2 0 0 0 -50 -30 0 -5 30 5 0 10 5 0 -30 -2 -30 50 20 0 10 -10 -2 30 0 0 1 -10 0 0 0 10 5 -50
0.09650968333603063: 0 -50 0 2 -20 0 -2 -50 -30 0 -10 30 10 -50 20 5 0 -30 -2 -30 50 20 0 0 -10 -2 30 0 0 1 -5 0 0 2 30 10 -50
0.09650968333603063: 0 -50 0 2 -20 0 -2 -50 -30 0 -10 30 10 -50 20 5 0 -30 -2 -30 50 20 0 0 -10 -2 30 0 0 1 -5 0 0 2 30 10 -50
0.09650968333603063: 0 -50 0 2 -20 0 -2 -50 -30 0 -10 30 10 -50 20 5 0 -30 -2 -30 50 20 0 0 -10 -2 30 0 0 1 -5 0 0 2 30 10 -50
0.09650968333603063: 0 -50 0 2 -20 0 -2 -50 -30 0 -10 30 10 -50 20 5 0 -30 -2 -30 50 20 0 0 -10 -2 30 0 0 1 -5 0 0 2 30 10 -50
0.09650968333603063: 0 -50 0 2 -20 0 -2 -50 -30 0 -10 30 10 -50 20 5 0 -30 -2 -30 50 20 0 0 -10 -2 30 0 0 1 -5 0 0 2 30 10 -50
0.09650968333603063: 0 -50 0 2 -20 0 -2 -50 -30 0 -10 30 10 -50 20 5 0 -30 -2 -30 50 20 0 0 -10 -2 30 0 0 1 -5 0 0 2 30 10 -50
0.09650968333603063: 0 -50 0 2 -20 0 -2 -50 -30 0 -10 30 10 -50 20 5 0 -30 -2 -30 50 20 0 0 -10 -2 30 0 0 1 -5 0 0 2 30 10 -50
0.09650968333603063: 0 -50 0 2 -20 0 -2 -50 -30 0 -10 30 10 -50 20 5 0 -30 -2 -30 50 20 0 0 -10 -2 30 0 0 1 -5 0 0 2 30 10 -50
0.09650968333603063: 0 -50 0 2 -20 0 -2 -50 -30 0 -10 30 10 -50 20 5 0 -30 -2 -30 50 20 0 0 -10 -2 30 0 0 1 -5 0 0 2 30 10 -50
0.09647371922821024: 0 -50 -1 2 -10 0 0 -50 -30 -2 -10 30 5 -50 10 5 0 -30 -5 -30 50 20 0 10 -20 -5 30 2 2 2 -10 5 0 5 20 10 -50
0.09647371922821024: 0 -50 -1 2 -10 0 0 -50 -30 -2 -10 30 5 -50 10 5 0 -30 -5 -30 50 20 0 10 -20 -5 30 2 2 2 -10 5 0 5 20 10 -50
