TrainingAccuracy: 0.848
TestAccuracy: 0.7956318252730109
infeasible
infeasible
infeasible
infeasible
-0.007704160246533143: 0 0 0 30 0 0 0 0 30 0 0 0 30 0 0 -30 0 0 0 0 0 -50
-0.03043143297380585: 0 0 0 30 0 0 0 0 30 0 0 0 50 0 0 -20 0 0 -20 0 0 -50
-0.10400616332819723: -50 0 0 30 0 0 0 0 30 0 0 50 0 0 0 -20 0 0 -20 0 0 -50
-0.1325115562403698: -50 0 0 0 0 -2 0 0 10 0 0 30 0 0 0 -20 2 0 -20 0 0 -1
-0.21725731895223419: -5 -10 0 0 0 0 0 0 2 5 0 -2 5 0 0 -5 0 0 0 0 -2 -1
-0.2573189522342064: -5 0 0 0 0 0 0 0 5 2 0 0 10 0 -5 -5 2 0 -2 0 -5 -1
-0.2573189522342064: -5 0 0 0 0 0 0 0 5 2 0 0 10 0 -5 -5 2 0 -2 0 -5 -1
-0.3540061633281972: -2 2 0 0 0 0 0 0 10 0 2 0 50 0 -10 -5 2 0 -30 -5 -10 -1
-0.44414483821263484: -10 0 0 -2 0 0 0 -30 30 20 -5 20 0 30 0 0 2 0 -30 -30 -50 1
-0.44414483821263484: -10 0 0 -2 0 0 0 -30 30 20 -5 20 0 30 0 0 2 0 -30 -30 -50 1
-0.5462249614791987: -30 0 0 -2 0 0 0 -10 30 10 0 5 20 10 -20 0 5 20 -20 -30 -50 1
-0.5631741140215716: -30 0 0 -2 5 0 0 -10 30 10 0 5 20 10 -20 0 -2 20 -20 -30 -50 1
-0.5631741140215716: -30 0 0 -2 5 0 0 -10 30 10 0 5 20 10 -20 0 -2 20 -20 -30 -50 1
-0.5631741140215716: -30 0 0 -2 5 0 0 -10 30 10 0 5 20 10 -20 0 -2 20 -20 -30 -50 1
-0.5631741140215716: -30 0 0 -2 5 0 0 -10 30 10 0 5 20 10 -20 0 -2 20 -20 -30 -50 1
-0.5631741140215716: -30 0 0 -2 5 0 0 -10 30 10 0 5 20 10 -20 0 -2 20 -20 -30 -50 1
-0.5631741140215716: -30 0 0 -2 5 0 0 -10 30 10 0 5 20 10 -20 0 -2 20 -20 -30 -50 1
-0.5631741140215716: -30 0 0 -2 5 0 0 -10 30 10 0 5 20 10 -20 0 -2 20 -20 -30 -50 1
