TrainingAccuracy: 0.806
TestAccuracy: 0.7861357932578172
infeasible
infeasible
infeasible
no_sol
no_sol
no_sol
-0.15632183908045977: -30 0 0 0 0 0 0 -30 50 0 0 5 0 10 0 0 0 0 0 0 -20 -2
-0.15632183908045977: -30 0 0 0 0 0 0 -30 50 0 0 5 0 10 0 0 0 0 0 0 -20 -2
-0.15632183908045977: -30 0 0 0 0 0 0 -30 50 0 0 5 0 10 0 0 0 0 0 0 -20 -2
-0.15632183908045977: -30 0 0 0 0 0 0 -30 50 0 0 5 0 10 0 0 0 0 0 0 -20 -2
-0.17389162561576355: 5 0 0 0 -20 -2 0 2 50 0 0 0 50 -30 0 0 0 0 5 30 -20 -50
-0.23973727422003283: -30 0 0 0 -5 -2 0 -30 50 0 0 30 10 10 0 0 0 -2 0 5 -50 1
-0.23973727422003283: -30 0 0 0 -5 -2 0 -30 50 0 0 30 10 10 0 0 0 -2 0 5 -50 1
-0.23973727422003283: -30 0 0 0 -5 -2 0 -30 50 0 0 30 10 10 0 0 0 -2 0 5 -50 1
-0.23973727422003283: -30 0 0 0 -5 -2 0 -30 50 0 0 30 10 10 0 0 0 -2 0 5 -50 1
-0.25829228243021346: 2 -5 50 0 -20 -30 0 -30 50 0 0 0 50 -50 0 -5 -2 2 10 20 -30 1
-0.25829228243021346: 2 -5 50 0 -20 -30 0 -30 50 0 0 0 50 -50 0 -5 -2 2 10 20 -30 1
-0.25829228243021346: 2 -5 50 0 -20 -30 0 -30 50 0 0 0 50 -50 0 -5 -2 2 10 20 -30 1
-0.25829228243021346: 2 -5 50 0 -20 -30 0 -30 50 0 0 0 50 -50 0 -5 -2 2 10 20 -30 1
-0.2596059113300493: -30 -30 20 -30 -20 0 20 5 50 2 0 -2 50 -50 5 -10 0 5 10 10 -30 1
-0.2596059113300493: -30 -30 20 -30 -20 0 20 5 50 2 0 -2 50 -50 5 -10 0 5 10 10 -30 1
-0.2596059113300493: -30 -30 20 -30 -20 0 20 5 50 2 0 -2 50 -50 5 -10 0 5 10 10 -30 1
