TrainingAccuracy: 0.898
TestAccuracy: 0.819344374785565
infeasible
infeasible
infeasible
infeasible
infeasible
no_sol
no_sol
no_sol
no_sol
no_sol
no_sol
0.13791518622615828: -1 -20 0 0 -50 0 20 0 0 0 0 10 20 0 30 0 0 0 2 0 30 0 0 0 0 0 0 0 0 0 0 0 0 0 20 20 -50
0.08417740538438423: 0 -5 0 0 0 0 5 0 0 0 0 2 0 0 2 -10 0 -5 0 0 0 -30 -50 -20 -10 0 0 0 20 0 0 0 0 0 5 0 -1
0.08078344027858797: 0 -5 0 0 -10 0 5 0 0 0 0 2 0 0 2 -10 0 -5 0 0 0 -30 -50 -20 -10 0 0 0 20 0 0 0 0 0 5 0 -1
0.07466723232751765: 0 -5 0 0 -2 0 5 -5 0 0 0 2 0 0 2 -10 0 -5 0 0 0 -30 -50 -20 -10 0 0 0 20 0 0 0 0 0 5 0 -1
0.05087412278375847: 0 -10 -2 0 0 0 10 0 -2 0 0 5 0 0 2 -30 0 -10 0 0 50 -30 0 0 -30 0 0 -50 0 0 0 -2 0 -5 10 0 -1
0.04748015767796221: 0 -10 -2 0 -50 0 10 0 0 0 0 5 0 0 2 -30 0 -10 0 0 50 -20 0 0 -30 0 0 -50 0 0 0 -2 0 -5 10 0 -1
0.04748015767796221: 0 -10 -2 0 -50 0 10 0 0 0 0 5 0 0 2 -30 0 -10 0 0 50 -20 0 0 -30 0 0 -50 0 0 0 -2 0 -5 10 0 -1
0.04748015767796221: 0 -10 -2 0 -50 0 10 0 0 0 0 5 0 0 2 -30 0 -10 0 0 50 -20 0 0 -30 0 0 -50 0 0 0 -2 0 -5 10 0 -1
0.046808435417440036: 0 -10 0 0 -50 2 5 0 0 -10 0 2 20 0 2 0 0 -20 0 -10 50 0 0 5 -10 0 2 -5 30 0 0 0 2 0 20 10 -50
0.046808435417440036: 0 -10 0 0 -50 2 5 0 0 -10 0 2 20 0 2 0 0 -20 0 -10 50 0 0 5 -10 0 2 -5 30 0 0 0 2 0 20 10 -50
0.04408619257216595: 0 -10 0 2 -50 0 2 -10 0 -10 0 2 0 -2 10 0 0 -10 2 -2 50 0 0 5 -10 0 2 -5 30 0 0 0 2 0 20 10 -50
0.030474978345795545: 0 -20 0 5 0 0 30 -30 0 -10 0 2 30 -50 10 -50 0 -5 -5 0 50 0 -50 0 -50 0 -10 -50 5 2 0 -30 2 0 20 10 0
0.030474978345795545: 0 -20 0 5 0 0 30 -30 0 -10 0 2 30 -50 10 -50 0 -5 -5 0 50 0 -50 0 -50 0 -10 -50 5 2 0 -30 2 0 20 10 0
0.030474978345795545: 0 -20 0 5 0 0 30 -30 0 -10 0 2 30 -50 10 -50 0 -5 -5 0 50 0 -50 0 -50 0 -10 -50 5 2 0 -30 2 0 20 10 0
0.030474978345795545: 0 -20 0 5 0 0 30 -30 0 -10 0 2 30 -50 10 -50 0 -5 -5 0 50 0 -50 0 -50 0 -10 -50 5 2 0 -30 2 0 20 10 0
0.016863764119425168: 0 -10 -2 0 -5 0 5 -5 0 -5 0 5 20 -5 2 -10 0 -10 0 -5 50 1 -50 -2 -30 2 5 -50 2 0 2 0 0 -5 10 5 -1
0.016863764119425168: 0 -10 -2 0 -5 0 5 -5 0 -5 0 5 20 -5 2 -10 0 -10 0 -5 50 1 -50 -2 -30 2 5 -50 2 0 2 0 0 -5 10 5 -1
0.016863764119425168: 0 -10 -2 0 -5 0 5 -5 0 -5 0 5 20 -5 2 -10 0 -10 0 -5 50 1 -50 -2 -30 2 5 -50 2 0 2 0 0 -5 10 5 -1
0.016863764119425168: 0 -10 -2 0 -5 0 5 -5 0 -5 0 5 20 -5 2 -10 0 -10 0 -5 50 1 -50 -2 -30 2 5 -50 2 0 2 0 0 -5 10 5 -1
0.016863764119425168: 0 -10 -2 0 -5 0 5 -5 0 -5 0 5 20 -5 2 -10 0 -10 0 -5 50 1 -50 -2 -30 2 5 -50 2 0 2 0 0 -5 10 5 -1
0.016863764119425168: 0 -10 -2 0 -5 0 5 -5 0 -5 0 5 20 -5 2 -10 0 -10 0 -5 50 1 -50 -2 -30 2 5 -50 2 0 2 0 0 -5 10 5 -1
0.016863764119425168: 0 -10 -2 0 -5 0 5 -5 0 -5 0 5 20 -5 2 -10 0 -10 0 -5 50 1 -50 -2 -30 2 5 -50 2 0 2 0 0 -5 10 5 -1
0.016863764119425168: 0 -10 -2 0 -5 0 5 -5 0 -5 0 5 20 -5 2 -10 0 -10 0 -5 50 1 -50 -2 -30 2 5 -50 2 0 2 0 0 -5 10 5 -1
0.016863764119425168: 0 -10 -2 0 -5 0 5 -5 0 -5 0 5 20 -5 2 -10 0 -10 0 -5 50 1 -50 -2 -30 2 5 -50 2 0 2 0 0 -5 10 5 -1
0.016863764119425168: 0 -10 -2 0 -5 0 5 -5 0 -5 0 5 20 -5 2 -10 0 -10 0 -5 50 1 -50 -2 -30 2 5 -50 2 0 2 0 0 -5 10 5 -1
0.016863764119425168: 0 -10 -2 0 -5 0 5 -5 0 -5 0 5 20 -5 2 -10 0 -10 0 -5 50 1 -50 -2 -30 2 5 -50 2 0 2 0 0 -5 10 5 -1
