TrainingAccuracy: 0.902
TestAccuracy: 0.8144162689872431
infeasible
infeasible
infeasible
infeasible
infeasible
infeasible
no_sol
no_sol
no_sol
no_sol
no_sol
no_sol
no_sol
no_sol
no_sol
no_sol
no_sol
no_sol
-0.23170882607696522: -5 -30 0 10 0 0 20 -30 -30 0 0 20 50 -20 30 -30 0 0 0 0 50 0 0 -50 -30 0 0 0 0 0 0 0 -30 -30 50 10 -30
-0.23238054833748742: -5 -30 0 10 0 20 50 0 0 -1 0 20 50 2 20 -50 0 0 0 0 50 0 0 -50 -20 0 0 0 0 0 5 0 -30 -30 50 10 -50
-0.2840324547913242: -5 -30 0 10 0 0 20 -50 20 0 10 30 50 -20 30 0 0 10 0 0 50 0 -50 -30 -30 0 10 0 0 0 0 0 -30 -30 30 0 -30
-0.3255024659277722: 0 -20 0 2 0 0 5 -50 0 -2 0 30 30 -20 20 -5 0 5 0 -10 50 0 0 -50 -50 0 2 -1 -10 0 20 0 0 -2 20 0 -50
-0.3255024659277722: 0 -20 0 2 0 0 5 -50 0 -2 0 30 30 -20 20 -5 0 5 0 -10 50 0 0 -50 -50 0 2 -1 -10 0 20 0 0 -2 20 0 -50
-0.34045712467518696: 0 -30 -2 0 0 0 10 -50 5 -5 0 20 30 -30 30 -10 0 5 0 -5 50 0 0 -50 -30 0 2 0 -50 0 30 0 1 -1 30 50 -50
-0.34045712467518696: 0 -30 -2 0 0 0 10 -50 5 -5 0 20 30 -30 30 -10 0 5 0 -5 50 0 0 -50 -30 0 2 0 -50 0 30 0 1 -1 30 50 -50
-0.34045712467518696: 0 -30 -2 0 0 0 10 -50 5 -5 0 20 30 -30 30 -10 0 5 0 -5 50 0 0 -50 -30 0 2 0 -50 0 30 0 1 -1 30 50 -50
-0.34079298580544803: 0 -30 -2 0 0 0 5 -50 5 -5 -5 20 30 -30 30 -10 0 5 2 -10 50 0 0 -50 -30 0 5 0 -30 0 30 -2 1 -2 30 50 -50
-0.34452281204150537: 0 -30 -2 0 0 0 5 -20 5 -5 -5 20 30 -30 30 -2 0 5 2 -30 50 10 -50 -50 -30 0 5 0 -10 0 30 0 1 -10 50 20 -50
-0.3472450548867795: 0 -30 -2 0 0 0 5 -20 5 -5 -5 20 30 -30 30 -2 0 5 2 -10 50 10 -50 -50 -30 0 5 0 -20 0 30 -2 1 -10 50 20 -50
-0.3472450548867795: 0 -30 -2 0 0 0 5 -20 5 -5 -5 20 30 -30 30 -2 0 5 2 -10 50 10 -50 -50 -30 0 5 0 -20 0 30 -2 1 -10 50 20 -50
-0.3472450548867795: 0 -30 -2 0 0 0 5 -20 5 -5 -5 20 30 -30 30 -2 0 5 2 -10 50 10 -50 -50 -30 0 5 0 -20 0 30 -2 1 -10 50 20 -50
-0.3526895405773276: 10 -10 -2 20 20 5 30 -50 50 0 5 50 50 -30 10 -30 0 0 -2 0 50 -10 -50 0 -50 5 30 1 -50 -10 0 -20 -30 -10 30 50 -50
-0.3526895405773276: 10 -10 -2 20 20 5 30 -50 50 0 5 50 50 -30 10 -30 0 0 -2 0 50 -10 -50 0 -50 5 30 1 -50 -10 0 -20 -30 -10 30 50 -50
-0.3526895405773276: 10 -10 -2 20 20 5 30 -50 50 0 5 50 50 -30 10 -30 0 0 -2 0 50 -10 -50 0 -50 5 30 1 -50 -10 0 -20 -30 -10 30 50 -50
-0.3526895405773276: 10 -10 -2 20 20 5 30 -50 50 0 5 50 50 -30 10 -30 0 0 -2 0 50 -10 -50 0 -50 5 30 1 -50 -10 0 -20 -30 -10 30 50 -50
-0.3526895405773276: 10 -10 -2 20 20 5 30 -50 50 0 5 50 50 -30 10 -30 0 0 -2 0 50 -10 -50 0 -50 5 30 1 -50 -10 0 -20 -30 -10 30 50 -50
-0.3526895405773276: 10 -10 -2 20 20 5 30 -50 50 0 5 50 50 -30 10 -30 0 0 -2 0 50 -10 -50 0 -50 5 30 1 -50 -10 0 -20 -30 -10 30 50 -50
