TrainingAccuracy: 0.706
TestAccuracy: 0.6523681858802503
infeasible
infeasible
infeasible
infeasible
infeasible
infeasible
infeasible
infeasible
infeasible
no_sol
no_sol
no_sol
-0.576281220499528: 50 0 20 0 2 0 0 0 10 20 -5 0 -20 0 0 -1 0 0 0 0 0 0 -20 0 10 30 10 -30
-0.5842493479895678: 50 0 20 0 2 0 0 0 10 20 -5 0 -20 0 0 -1 0 0 0 5 0 0 -20 0 10 30 10 -30
-0.5842493479895678: 50 0 20 0 2 0 0 0 10 20 -5 0 -20 0 0 -1 0 0 0 5 0 0 -20 0 10 30 10 -30
-0.608089729435671: 50 -2 20 0 10 0 0 2 10 20 0 0 -20 0 2 -30 0 0 0 -5 0 0 -20 0 5 30 5 -1
-0.6241539864637834: 50 0 10 -20 30 -30 20 2 10 30 0 0 -10 0 0 0 0 0 -30 -20 0 0 -20 0 2 30 2 -1
-0.6241539864637834: 50 0 10 -20 30 -30 20 2 10 30 0 0 -10 0 0 0 0 0 -30 -20 0 0 -20 0 2 30 2 -1
-0.6241539864637834: 50 0 10 -20 30 -30 20 2 10 30 0 0 -10 0 0 0 0 0 -30 -20 0 0 -20 0 2 30 2 -1
-0.6319941119057906: 50 0 20 -5 20 2 5 5 10 30 10 0 -2 0 10 -50 0 0 -2 0 50 0 -10 2 0 30 5 1
-0.6319941119057906: 50 0 20 -5 20 2 5 5 10 30 10 0 -2 -20 10 0 0 0 -1 1 30 0 -10 2 0 30 5 -50
-0.6319941119057906: 50 0 20 -5 20 2 5 5 10 30 10 0 -2 -20 10 0 0 0 -1 1 30 0 -10 2 0 30 5 -50
-0.6319941119057906: 50 0 20 -5 20 2 5 5 10 30 10 0 -2 -20 10 0 0 0 -1 1 30 0 -10 2 0 30 5 -50
-0.6319941119057906: 50 0 20 -5 20 2 5 5 10 30 10 0 -2 -20 10 0 0 0 -1 1 30 0 -10 2 0 30 5 -50
-0.6319941119057906: 50 0 20 -5 20 2 5 5 10 30 10 0 -2 -20 10 0 0 0 -1 1 30 0 -10 2 0 30 5 -50
-0.6319941119057906: 50 0 20 -5 20 2 5 5 10 30 10 0 -2 -20 10 0 0 0 -1 1 30 0 -10 2 0 30 5 -50
-0.6319941119057906: 50 0 20 -5 20 2 5 5 10 30 10 0 -2 -20 10 0 0 0 -1 1 30 0 -10 2 0 30 5 -50
-0.6319941119057906: 50 0 20 -5 20 2 5 5 10 30 10 0 -2 -20 10 0 0 0 -1 1 30 0 -10 2 0 30 5 -50
