TrainingAccuracy: 0.706
TestAccuracy: 0.6547512660113196
infeasible
no_sol
no_sol
no_sol
-0.22328086164043082: 30 0 0 0 0 0 0 0 0 0 0 0 -20 0 0 0 0 0 -2 0 0 0 0 0 10 0 0 1
-0.46547914940624135: 50 0 0 0 0 0 -30 0 0 20 0 0 0 0 0 0 0 0 0 0 0 0 -20 0 50 0 0 -10
-0.5763601215133942: 50 0 0 0 0 0 -30 30 0 20 0 0 0 0 0 0 0 0 0 0 0 0 -20 0 0 50 0 -10
-0.5892018779342723: 50 0 2 0 0 0 0 0 2 30 0 0 0 0 0 -5 0 0 0 0 0 0 -30 0 0 50 2 0
-0.7068489367578017: 50 0 10 0 0 0 0 0 10 30 0 0 0 0 0 -30 0 0 0 0 0 0 -20 0 20 0 5 -1
-0.7068489367578017: 50 0 10 0 0 0 0 0 10 30 0 0 0 0 0 -30 0 0 0 0 0 0 -20 0 20 0 5 -1
-0.7350179508423087: 50 0 2 5 0 0 0 2 5 20 0 0 0 0 0 0 0 0 -10 0 0 0 -20 -10 0 0 5 -1
-0.7350179508423087: 50 0 2 5 0 0 0 2 5 20 0 0 0 0 0 0 0 0 -10 0 0 0 -20 -10 0 0 5 -1
-0.7350179508423087: 50 0 2 5 0 0 0 2 5 20 0 0 0 0 0 0 0 0 -10 0 0 0 -20 -10 0 0 5 -1
-0.7408174537420602: 50 0 20 0 20 5 10 10 0 30 0 0 0 0 10 -30 0 0 -20 0 0 0 0 2 20 0 5 -1
-0.7506213753106876: 50 0 20 -10 30 0 10 20 0 50 5 0 0 0 20 -20 0 0 -20 0 0 0 -30 -20 0 0 5 -1
-0.7506213753106876: 50 0 20 -10 30 0 10 20 0 50 5 0 0 0 20 -20 0 0 -20 0 0 0 -30 -20 0 0 5 -1
-0.7674675504004419: 50 0 0 -20 30 -20 5 20 2 30 -2 0 0 0 0 -1 0 0 -30 -20 30 0 -5 10 0 20 5 0
-0.7674675504004419: 50 0 0 -20 30 -20 5 20 2 30 -2 0 0 0 0 -1 0 0 -30 -20 30 0 -5 10 0 20 5 0
-0.7674675504004419: 50 0 0 -20 30 -20 5 20 2 30 -2 0 0 0 0 -1 0 0 -30 -20 30 0 -5 10 0 20 5 0
-0.7674675504004419: 50 0 0 -20 30 -20 5 20 2 30 -2 0 0 0 0 -1 0 0 -30 -20 30 0 -5 10 0 20 5 0
-0.7674675504004419: 50 0 0 -20 30 -20 5 20 2 30 -2 0 0 0 0 -1 0 0 -30 -20 30 0 -5 10 0 20 5 0
-0.7674675504004419: 50 0 0 -20 30 -20 5 20 2 30 -2 0 0 0 0 -1 0 0 -30 -20 30 0 -5 10 0 20 5 0
-0.7674675504004419: 50 0 0 -20 30 -20 5 20 2 30 -2 0 0 0 0 -1 0 0 -30 -20 30 0 -5 10 0 20 5 0
-0.7674675504004419: 50 0 0 -20 30 -20 5 20 2 30 -2 0 0 0 0 -1 0 0 -30 -20 30 0 -5 10 0 20 5 0
-0.7674675504004419: 50 0 0 -20 30 -20 5 20 2 30 -2 0 0 0 0 -1 0 0 -30 -20 30 0 -5 10 0 20 5 0
-0.7674675504004419: 50 0 0 -20 30 -20 5 20 2 30 -2 0 0 0 0 -1 0 0 -30 -20 30 0 -5 10 0 20 5 0
-0.7674675504004419: 50 0 0 -20 30 -20 5 20 2 30 -2 0 0 0 0 -1 0 0 -30 -20 30 0 -5 10 0 20 5 0
-0.7674675504004419: 50 0 0 -20 30 -20 5 20 2 30 -2 0 0 0 0 -1 0 0 -30 -20 30 0 -5 10 0 20 5 0
