TrainingAccuracy: 0.896
TestAccuracy: 0.8198122329309754
infeasible
infeasible
infeasible
infeasible
infeasible
no_sol
0.23453992915070762: 0 -50 0 0 0 0 0 0 0 -30 0 0 0 -30 0 0 0 0 0 0 30 0 0 0 0 0 2 0 0 0 0 0 0 0 0 2 -1
0.23453992915070762: 0 -50 0 0 0 0 0 0 0 -30 0 0 0 -30 0 0 0 0 0 0 30 0 0 0 0 0 2 0 0 0 0 0 0 0 0 2 -1
0.23453992915070762: 0 -50 0 0 0 0 0 0 0 -30 0 0 0 -30 0 0 0 0 0 0 30 0 0 0 0 0 2 0 0 0 0 0 0 0 0 2 -1
0.18947690205175236: 0 -50 0 0 0 0 0 -50 0 -30 0 0 0 -30 0 0 0 -30 0 0 50 0 0 0 -30 -30 20 0 0 0 0 0 0 0 30 0 0
0.1354588121055187: 1 -50 0 0 0 0 0 -50 0 -30 0 0 0 -50 10 0 0 -50 0 0 50 0 0 0 -50 -30 0 0 0 0 0 0 0 0 0 20 0
0.09354264444084806: 0 -30 0 0 0 0 0 0 -10 -5 0 0 -2 -50 5 0 0 -30 0 0 2 0 0 0 0 0 2 0 0 0 0 0 0 0 30 5 -1
0.08153063242883604: 0 -30 0 0 0 0 0 0 -30 -5 0 0 -2 -50 5 0 0 -30 0 -50 2 0 0 0 0 0 2 0 0 0 0 0 0 0 30 5 -1
0.08153063242883604: 0 -30 0 0 0 0 0 0 -30 -5 0 0 -2 -50 5 0 0 -30 0 -50 2 0 0 0 0 0 2 0 0 0 0 0 0 0 30 5 -1
0.07252162341982701: 0 -30 0 0 0 0 0 -30 -10 -5 0 0 -2 -50 5 0 0 -30 0 -30 2 0 0 0 0 0 2 0 0 0 0 0 0 0 30 5 -1
0.07252162341982701: 0 -30 0 0 0 0 0 -30 -10 -5 0 0 -2 -50 5 0 0 -30 0 -30 2 0 0 0 0 0 2 0 0 0 0 0 0 0 30 5 -1
0.06941072809336284: 0 -50 0 0 0 0 0 -50 -50 -30 0 0 0 -30 10 0 0 -30 5 -50 30 0 0 -2 -20 -5 0 -2 0 -2 0 -30 0 0 0 10 0
0.06941072809336284: 0 -50 0 0 0 0 0 -50 -50 -30 0 0 0 -30 10 0 0 -30 5 -50 30 0 0 -2 -20 -5 0 -2 0 -2 0 -30 0 0 0 10 0
0.06941072809336284: 0 -50 0 0 0 0 0 -50 -50 -30 0 0 0 -30 10 0 0 -30 5 -50 30 0 0 -2 -20 -5 0 -2 0 -2 0 -30 0 0 0 10 0
0.0634946323569078: 0 -50 0 5 0 0 0 0 -50 -50 -20 2 -30 -50 50 0 0 -30 30 0 0 -5 0 -50 0 -2 20 0 0 -1 0 -50 0 20 20 30 0
0.05462947977918037: -20 -50 0 0 -5 -10 0 -30 -50 -30 0 20 0 -50 50 0 0 -30 20 -30 30 10 0 0 -5 -5 0 0 0 2 0 -30 0 0 50 30 0
0.02754850659042274: 2 -50 0 20 5 0 0 -50 -10 0 0 30 20 -50 30 -30 0 -30 -5 -30 50 0 0 0 0 -20 5 0 20 0 -5 0 0 -30 50 0 -50
0.024563485641329957: 0 -50 0 0 2 0 0 -50 -30 0 0 30 20 -50 20 -30 0 -30 0 -30 50 30 0 0 -2 -5 20 0 5 1 -20 -20 0 -10 50 0 -50
0.024563485641329957: 0 -50 0 0 2 0 0 -50 -30 0 0 30 20 -50 20 -30 0 -30 0 -30 50 30 0 0 -2 -5 20 0 5 1 -20 -20 0 -10 50 0 -50
0.021578464692237148: 0 -50 -1 -5 2 0 0 -50 -30 0 5 30 20 -50 20 -30 0 -30 0 -30 50 30 0 0 -2 -5 20 0 10 2 -20 -20 0 0 50 0 -50
0.021578464692237148: 0 -50 -1 -5 2 0 0 -50 -30 0 5 30 20 -50 20 -30 0 -30 0 -30 50 30 0 0 -2 -5 20 0 10 2 -20 -20 0 0 50 0 -50
0.01859344374314434: 0 -50 -1 -10 2 0 0 -50 -30 0 5 30 20 -50 20 -30 0 -30 0 -30 50 30 -5 0 -2 -5 20 0 20 2 -20 -20 0 0 50 5 -50
0.01859344374314434: 0 -50 -1 -10 2 0 0 -50 -30 0 5 30 20 -50 20 -30 0 -30 0 -30 50 30 -5 0 -2 -5 20 0 20 2 -20 -20 0 0 50 5 -50
0.01859344374314434: 0 -50 -1 -10 2 0 0 -50 -30 0 5 30 20 -50 20 -30 0 -30 0 -30 50 30 -5 0 -2 -5 20 0 20 2 -20 -20 0 0 50 5 -50
0.01859344374314434: 0 -50 -1 -10 2 0 0 -50 -30 0 5 30 20 -50 20 -30 0 -30 0 -30 50 30 -5 0 -2 -5 20 0 20 2 -20 -20 0 0 50 5 -50
0.01859344374314434: 0 -50 -1 -10 2 0 0 -50 -30 0 5 30 20 -50 20 -30 0 -30 0 -30 50 30 -5 0 -2 -5 20 0 20 2 -20 -20 0 0 50 5 -50
0.01859344374314434: 0 -50 -1 -10 2 0 0 -50 -30 0 5 30 20 -50 20 -30 0 -30 0 -30 50 30 -5 0 -2 -5 20 0 20 2 -20 -20 0 0 50 5 -50
0.01859344374314434: 0 -50 -1 -1 1 2 0 -50 -30 -2 -10 30 10 -50 20 -30 0 -30 0 -20 0 -10 -20 -50 -2 -5 20 0 10 2 -20 -20 0 -5 50 5 0
0.01859344374314434: 0 -50 -1 -1 1 2 0 -50 -30 -2 -10 30 10 -50 20 -30 0 -30 0 -20 0 -10 -20 -50 -2 -5 20 0 10 2 -20 -20 0 -5 50 5 0
0.01859344374314434: 0 -50 -1 -1 1 2 0 -50 -30 -2 -10 30 10 -50 20 -30 0 -30 0 -20 0 -10 -20 -50 -2 -5 20 0 10 2 -20 -20 0 -5 50 5 0
0.01859344374314434: 0 -50 -1 -1 1 2 0 -50 -30 -2 -10 30 10 -50 20 -30 0 -30 0 -20 0 -10 -20 -50 -2 -5 20 0 10 2 -20 -20 0 -5 50 5 0
0.01859344374314434: 0 -50 -1 -1 1 2 0 -50 -30 -2 -10 30 10 -50 20 -30 0 -30 0 -20 0 -10 -20 -50 -2 -5 20 0 10 2 -20 -20 0 -5 50 5 0
