TrainingAccuracy: 0.74
TestAccuracy: 0.6246648793565683
infeasible
no_sol
no_sol
no_sol
no_sol
no_sol
no_sol
no_sol
no_sol
no_sol
no_sol
0.051019743272300744: 50 2 0 0 0 -30 0 0 -2 0 30 0 0 0 5 1 0 0 0 50 0 0 -2 0 10 50 -30 0
0.051019743272300744: 50 2 0 0 0 -30 0 0 -2 0 30 0 0 0 5 1 0 0 0 50 0 0 -2 0 10 50 -30 0
0.051019743272300744: 50 2 0 0 0 -30 0 0 -2 0 30 0 0 0 5 1 0 0 0 50 0 0 -2 0 10 50 -30 0
0.051019743272300744: 50 2 0 0 0 -30 0 0 -2 0 30 0 0 0 5 1 0 0 0 50 0 0 -2 0 10 50 -30 0
-0.1475858473968854: -2 50 20 0 0 -50 0 10 -2 30 50 0 -2 0 0 0 0 0 -50 0 0 0 -2 0 50 30 -20 1
-0.4086140613800743: 0 30 30 10 2 -2 -20 30 -30 50 5 0 0 0 -10 0 20 0 0 20 0 0 0 0 20 -5 -50 -1
-0.4086140613800743: 0 30 30 10 2 -2 -20 30 -30 50 5 0 0 0 -10 0 20 0 0 20 0 0 0 0 20 -5 -50 -1
-0.45116309376425356: 0 30 30 20 -10 2 -30 30 -30 50 0 0 -5 0 -10 1 20 0 -2 20 0 0 2 0 30 -10 -50 0
-0.4578745031602267: 0 50 30 30 -2 -5 -20 30 -30 50 -2 0 -20 0 -30 0 20 0 5 20 0 0 0 -5 30 -10 -50 -2
-0.4675832410243044: -50 50 30 30 -2 -5 -20 30 -30 50 -2 0 -20 0 -30 0 20 0 5 20 0 0 0 -5 30 -10 -50 -2
-0.4675832410243044: -50 50 30 30 -2 -5 -20 30 -30 50 -2 0 -20 0 -30 0 20 0 5 20 0 0 0 -5 30 -10 -50 -2
-0.4675832410243044: -50 50 30 30 -2 -5 -20 30 -30 50 -2 0 -20 0 -30 0 20 0 5 20 0 0 0 -5 30 -10 -50 -2
-0.4675832410243044: -50 50 30 30 -2 -5 -20 30 -30 50 -2 0 -20 0 -30 0 20 0 5 20 0 0 0 -5 30 -10 -50 -2
-0.4675832410243044: -50 50 30 30 -2 -5 -20 30 -30 50 -2 0 -20 0 -30 0 20 0 5 20 0 0 0 -5 30 -10 -50 -2
-0.4675832410243044: -50 50 30 30 -2 -5 -20 30 -30 50 -2 0 -20 0 -30 0 20 0 5 20 0 0 0 -5 30 -10 -50 -2
-0.4675832410243044: -50 50 30 30 -2 -5 -20 30 -30 50 -2 0 -20 0 -30 0 20 0 5 20 0 0 0 -5 30 -10 -50 -2
-0.4675832410243044: -50 50 30 30 -2 -5 -20 30 -30 50 -2 0 -20 0 -30 0 20 0 5 20 0 0 0 -5 30 -10 -50 -2
