TrainingAccuracy: 0.806
TestAccuracy: 0.7861357932578172
infeasible
infeasible
infeasible
no_sol
no_sol
no_sol
-0.05188834154351396: 0 0 0 0 -2 10 0 0 30 0 0 30 0 0 0 0 0 0 5 10 0 -50
-0.05188834154351396: 0 0 0 0 -2 10 0 0 30 0 0 30 0 0 0 0 0 0 5 10 0 -50
-0.09655172413793105: 0 0 0 0 -2 0 0 0 2 2 0 2 50 -50 0 0 2 2 0 0 0 -5
-0.09655172413793105: 0 0 0 0 -2 0 0 0 2 2 0 2 50 -50 0 0 2 2 0 0 0 -5
-0.17389162561576355: 5 0 0 0 -20 -2 0 2 50 0 0 0 50 -30 0 0 0 0 5 30 -20 -50
-0.17389162561576355: 5 0 0 0 -20 -2 0 2 50 0 0 0 50 -30 0 0 0 0 5 30 -20 -50
-0.17389162561576355: 5 0 0 0 -20 -2 0 2 50 0 0 0 50 -30 0 0 0 0 5 30 -20 -50
-0.23661740558292282: 0 0 0 0 -10 5 0 5 30 0 2 0 30 -30 2 -2 0 2 5 5 -20 -20
-0.23891625615763545: 5 -10 0 0 -20 1 0 -2 50 0 10 5 50 -30 0 -5 10 20 0 0 -30 -30
-0.25829228243021346: 2 -5 50 0 -20 -30 0 -30 50 0 0 0 50 -50 0 -5 -2 2 10 20 -30 1
-0.25829228243021346: 2 -5 50 0 -20 -30 0 -30 50 0 0 0 50 -50 0 -5 -2 2 10 20 -30 1
-0.25829228243021346: 2 -5 50 0 -20 -30 0 -30 50 0 0 0 50 -50 0 -5 -2 2 10 20 -30 1
-0.25829228243021346: 2 -5 50 0 -20 -30 0 -30 50 0 0 0 50 -50 0 -5 -2 2 10 20 -30 1
-0.25829228243021346: 2 -5 50 0 -20 -30 0 -30 50 0 0 0 50 -50 0 -5 -2 2 10 20 -30 1
-0.25829228243021346: 2 -5 50 0 -20 -30 0 -30 50 0 0 0 50 -50 0 -5 -2 2 10 20 -30 1
-0.25829228243021346: 2 -5 50 0 -20 -30 0 -30 50 0 0 0 50 -50 0 -5 -2 2 10 20 -30 1
