TrainingAccuracy: 0.9
TestAccuracy: 0.8120145971741368
infeasible
no_sol
no_sol
no_sol
no_sol
no_sol
no_sol
no_sol
no_sol
no_sol
no_sol
no_sol
no_sol
no_sol
-0.16947368421052633: 0 -10 0 0 0 -5 0 -5 0 -20 -10 0 -30 -50 20 0 0 -10 0 0 30 -20 0 0 -20 0 0 0 10 -5 0 0 0 0 0 0 -1
-0.23473684210526313: 1 0 0 0 0 0 2 0 0 -20 -10 0 0 -50 20 0 0 -10 0 -50 20 -20 -50 -2 -20 0 0 -2 0 0 0 0 0 -10 5 0 0
-0.23473684210526313: 1 0 0 0 0 0 2 0 0 -20 -10 0 0 -50 20 0 0 -10 0 -50 20 -20 -50 -2 -20 0 0 -2 0 0 0 0 0 -10 5 0 0
-0.23473684210526313: 1 0 0 0 0 0 2 0 0 -20 -10 0 0 -50 20 0 0 -10 0 -50 20 -20 -50 -2 -20 0 0 -2 0 0 0 0 0 -10 5 0 0
-0.23473684210526313: 1 0 0 0 0 0 2 0 0 -20 -10 0 0 -50 20 0 0 -10 0 -50 20 -20 -50 -2 -20 0 0 -2 0 0 0 0 0 -10 5 0 0
-0.23473684210526313: 1 0 0 0 0 0 2 0 0 -20 -10 0 0 -50 20 0 0 -10 0 -50 20 -20 -50 -2 -20 0 0 -2 0 0 0 0 0 -10 5 0 0
-0.3073684210526315: 1 -2 0 0 0 0 10 0 -50 -5 0 20 -5 -50 20 0 0 -20 0 -50 50 -2 0 10 -30 0 0 0 20 0 -20 10 0 0 30 2 -50
-0.3173684210526315: 1 -2 0 0 0 2 10 0 0 -5 0 20 -10 -50 20 0 0 -20 0 -30 50 0 0 10 -30 0 0 0 20 0 -20 -50 -2 -5 30 2 -50
-0.33736842105263154: 0 -2 0 0 0 2 10 2 -50 -5 0 20 -10 -50 20 0 0 -20 0 -30 50 0 0 10 -30 0 0 0 20 0 -20 5 -1 -5 30 2 -50
-0.33736842105263154: 0 -2 0 0 0 2 10 2 -50 -5 0 20 -10 -50 20 0 0 -20 0 -30 50 0 0 10 -30 0 0 0 20 0 -20 5 -1 -5 30 2 -50
-0.33736842105263154: 0 -2 0 0 0 2 10 2 -50 -5 0 20 -10 -50 20 0 0 -20 0 -30 50 0 0 10 -30 0 0 0 20 0 -20 5 -1 -5 30 2 -50
-0.33736842105263154: 0 -2 0 0 0 2 10 2 -50 -5 0 20 -10 -50 20 0 0 -20 0 -30 50 0 0 10 -30 0 0 0 20 0 -20 5 -1 -5 30 2 -50
-0.33736842105263154: 0 -2 0 0 0 2 10 2 -50 -5 0 20 -10 -50 20 0 0 -20 0 -30 50 0 0 10 -30 0 0 0 20 0 -20 5 -1 -5 30 2 -50
-0.33736842105263154: 0 -2 0 0 0 2 10 2 -50 -5 0 20 -10 -50 20 0 0 -20 0 -30 50 0 0 10 -30 0 0 0 20 0 -20 5 -1 -5 30 2 -50
-0.33736842105263154: 0 -2 0 0 0 2 10 2 -50 -5 0 20 -10 -50 20 0 0 -20 0 -30 50 0 0 10 -30 0 0 0 20 0 -20 5 -1 -5 30 2 -50
-0.33736842105263154: 0 -2 0 0 0 2 10 2 -50 -5 0 20 -10 -50 20 0 0 -20 0 -30 50 0 0 10 -30 0 0 0 20 0 -20 5 -1 -5 30 2 -50
-0.33736842105263154: 0 -2 0 0 0 2 10 2 -50 -5 0 20 -10 -50 20 0 0 -20 0 -30 50 0 0 10 -30 0 0 0 20 0 -20 5 -1 -5 30 2 -50
-0.33736842105263154: 0 -2 0 0 0 2 10 2 -50 -5 0 20 -10 -50 20 0 0 -20 0 -30 50 0 0 10 -30 0 0 0 20 0 -20 5 -1 -5 30 2 -50
-0.33736842105263154: 0 -2 0 0 0 2 10 2 -50 -5 0 20 -10 -50 20 0 0 -20 0 -30 50 0 0 10 -30 0 0 0 20 0 -20 5 -1 -5 30 2 -50
-0.33736842105263154: 0 -2 0 0 0 2 10 2 -50 -5 0 20 -10 -50 20 0 0 -20 0 -30 50 0 0 10 -30 0 0 0 20 0 -20 5 -1 -5 30 2 -50
-0.33736842105263154: 0 -2 0 0 0 2 10 2 -50 -5 0 20 -10 -50 20 0 0 -20 0 -30 50 0 0 10 -30 0 0 0 20 0 -20 5 -1 -5 30 2 -50
-0.33736842105263154: 0 -2 0 0 0 2 10 2 -50 -5 0 20 -10 -50 20 0 0 -20 0 -30 50 0 0 10 -30 0 0 0 20 0 -20 5 -1 -5 30 2 -50
-0.33736842105263154: 0 -2 0 0 0 2 10 2 -50 -5 0 20 -10 -50 20 0 0 -20 0 -30 50 0 0 10 -30 0 0 0 20 0 -20 5 -1 -5 30 2 -50
