TrainingAccuracy: 0.728
TestAccuracy: 0.6537086684539768
infeasible
infeasible
infeasible
infeasible
infeasible
infeasible
infeasible
no_sol
0.049975196428285684: 0 50 0 0 0 -2 0 0 -20 0 10 0 0 0 0 0 0 0 0 0 0 0 -10 0 20 2 -5 1
0.0011041589988958211: 0 50 0 0 0 -20 0 0 -10 0 30 0 0 0 20 0 0 0 0 50 0 0 0 0 20 20 -30 -5
-0.039765726264582135: 0 30 20 0 0 -2 0 0 -20 -30 0 0 0 0 0 0 0 0 0 50 0 0 0 10 50 2 -5 1
-0.051623433774463545: 50 20 20 0 0 -2 0 0 -20 -30 0 0 0 0 0 0 0 0 0 50 0 0 0 10 50 2 -5 1
-0.08710054247811683: 50 0 20 0 0 -2 0 0 -20 -30 0 -10 0 0 0 0 0 0 1 50 50 0 0 10 50 2 -5 0
-0.08748459778208068: 50 10 0 0 0 -20 0 -5 -10 0 30 0 2 0 20 -1 0 0 0 50 0 0 0 5 20 20 -30 0
-0.12064137235761946: 50 30 0 0 0 -30 -2 0 -20 2 50 0 0 0 50 1 0 0 -30 50 0 0 0 30 50 30 -5 0
-0.12873853834952226: 50 30 0 0 0 -30 0 -2 -10 -2 30 0 -10 -10 30 0 0 0 -20 0 0 0 0 30 50 20 -10 1
-0.1436846905954458: 50 20 0 0 0 -20 -30 20 -5 0 30 0 0 2 30 -1 0 0 -50 0 0 0 -20 2 20 10 -10 50
-0.1436846905954458: 50 20 0 0 0 -20 -30 20 -5 0 30 0 0 2 30 50 50 0 -50 0 0 0 -20 2 20 10 -10 -1
-0.15939895344929672: 50 20 0 0 -5 -10 -20 -10 -20 5 50 0 5 0 50 -1 30 0 0 50 0 0 -20 2 30 20 -30 0
-0.15939895344929672: 50 20 0 0 -5 -10 -20 -10 -20 5 50 0 5 0 50 -1 30 0 0 50 0 0 -20 2 30 20 -30 0
-0.16007105023123325: 50 20 0 0 0 -30 20 -30 -2 -30 10 -2 -30 -30 5 50 0 0 -50 0 30 0 -2 30 50 20 -10 1
-0.16007105023123325: 50 20 0 0 0 -30 20 -30 -2 -30 10 -5 -30 -30 5 1 -50 0 -50 0 30 0 -2 30 50 20 -10 50
-0.16007105023123325: 50 20 0 0 0 -30 20 -30 -2 -30 10 -5 -30 -30 5 1 -50 0 -50 0 30 0 -2 30 50 20 -10 50
-0.16007105023123325: 50 20 0 0 0 -30 20 -30 -2 -30 10 -5 -30 -30 5 1 -50 0 -50 0 30 0 -2 30 50 20 -10 50
-0.16007105023123325: 50 20 0 0 0 -30 20 -30 -2 -30 10 -5 -30 -30 5 1 -50 0 -50 0 30 0 -2 30 50 20 -10 50
-0.16007105023123325: 50 20 0 0 0 -30 20 -30 -2 -30 10 -5 -30 -30 5 1 -50 0 -50 0 30 0 -2 30 50 20 -10 50
-0.16007105023123325: 50 20 0 0 0 -30 20 -30 -2 -30 10 -5 -30 -30 5 1 -50 0 -50 0 30 0 -2 30 50 20 -10 50
-0.16007105023123325: 50 20 0 0 0 -30 20 -30 -2 -30 10 -5 -30 -30 5 1 -50 0 -50 0 30 0 -2 30 50 20 -10 50
