TrainingAccuracy: 0.806
TestAccuracy: 0.7861357932578172
infeasible
infeasible
infeasible
no_sol
no_sol
no_sol
-0.0004926108374384286: 0 0 0 0 0 -30 0 -50 50 0 -30 50 0 0 0 0 0 0 0 20 0 -30
-0.039901477832512314: 0 0 0 0 -5 0 0 0 2 0 0 2 5 -5 0 0 0 0 0 2 2 -5
-0.07701149425287357: -20 0 0 0 0 -30 0 -30 50 0 -30 50 0 0 0 0 0 0 0 20 20 -50
-0.07701149425287357: -20 0 0 0 0 -30 0 -30 50 0 -30 50 0 0 0 0 0 0 0 20 20 -50
-0.08949096880131363: 0 0 0 0 -2 0 0 0 2 2 -2 2 2 -2 0 0 0 0 0 2 2 -5
-0.15123152709359605: 0 0 0 0 -5 2 0 -1 20 5 -30 30 20 -5 0 0 0 0 0 2 30 -50
-0.15123152709359605: 0 0 0 0 -5 2 0 -1 20 5 -30 30 20 -5 0 0 0 0 0 2 30 -50
-0.158128078817734: 5 0 0 0 -10 -2 0 -2 30 0 -30 30 20 -5 -5 -5 0 5 0 0 30 -50
-0.158128078817734: 5 0 0 0 -10 -2 0 -2 30 0 -30 30 20 -5 -5 -5 0 5 0 0 30 -50
-0.1753694581280788: 0 2 0 0 -10 5 0 -1 10 10 -20 20 0 2 2 -2 -5 0 2 5 20 -30
-0.19819376026272578: 5 0 0 -2 -10 -1 0 -30 50 -10 -50 50 0 10 2 -10 -10 -2 0 5 50 -50
-0.19819376026272578: 5 0 0 -2 -10 -1 0 -30 50 -10 -50 50 0 10 2 -10 -10 -2 0 5 50 -50
-0.19819376026272578: 5 0 0 -2 -10 -1 0 -30 50 -10 -50 50 0 10 2 -10 -10 -2 0 5 50 -50
-0.19819376026272578: 5 0 0 -2 -10 -1 0 -30 50 -10 -50 50 0 10 2 -10 -10 -2 0 5 50 -50
-0.19819376026272578: 5 0 0 -2 -10 -1 0 -30 50 -10 -50 50 0 10 2 -10 -10 -2 0 5 50 -50
-0.19819376026272578: 5 0 0 -2 -10 -1 0 -30 50 -10 -50 50 0 10 2 -10 -10 -2 0 5 50 -50
