TrainingAccuracy: 0.808
TestAccuracy: 0.7850844468561351
infeasible
infeasible
infeasible
no_sol
no_sol
no_sol
-0.10152740341419586: 0 -50 0 0 0 0 0 -30 30 0 0 30 30 0 0 0 0 30 0 0 0 -50
-0.1533393231506439: 0 0 0 0 -20 0 0 -20 50 -10 0 0 0 20 0 -20 0 0 0 0 -10 -1
-0.18598382749326148: 0 0 0 0 -30 1 0 -2 50 0 0 0 30 0 0 0 20 10 0 0 -5 -50
-0.19586702605570533: 0 -50 0 0 0 0 0 -30 50 -30 0 0 50 0 0 0 -1 5 5 2 0 -30
-0.23959269242288112: 5 0 0 0 -20 -2 0 2 50 0 0 0 50 -30 0 0 0 0 5 20 -20 -50
-0.29410002994908657: 2 0 0 0 5 -20 0 -30 20 -2 0 30 5 0 0 -20 0 0 0 2 -20 -1
-0.3219526804432465: 2 -10 0 0 0 -20 0 -30 20 0 20 10 20 -30 0 -2 0 0 5 0 -5 -1
-0.4351602276130578: 0 20 0 20 0 2 0 -30 50 0 2 10 50 0 20 -5 -30 30 0 0 -50 -50
-0.5055405810122791: 0 -30 0 0 0 5 0 2 50 -30 30 0 30 -10 5 -5 10 0 20 1 -50 -50
-0.5055405810122791: 0 -30 0 0 0 5 0 2 50 -30 30 0 30 -10 5 -5 10 0 20 1 -50 -50
-0.5720275531596286: 0 -30 0 5 0 -1 0 1 50 -30 30 5 30 -30 -5 -10 10 5 0 2 -50 -30
-0.5720275531596286: 0 -30 0 5 0 -1 0 1 50 -30 30 5 30 -30 -5 -10 10 5 0 2 -50 -30
-0.5720275531596286: 0 -30 0 5 0 -1 0 1 50 -30 30 5 30 -30 -5 -10 10 5 0 2 -50 -30
-0.5810122791254866: 5 -30 0 2 2 -1 0 1 50 -30 30 -5 30 -10 -2 0 10 10 20 5 -50 -50
-0.5908954776879305: -1 -30 0 1 -5 -2 -20 0 50 -30 30 2 30 -30 -10 -5 10 10 2 10 -50 -30
-0.5908954776879305: -1 -30 0 1 -5 -2 -20 0 50 -30 30 2 30 -30 -10 -5 10 10 2 10 -50 -30
