TrainingAccuracy: 0.718
TestAccuracy: 0.6569854036341972
no_sol
no_sol
no_sol
no_sol
0.22365196078431376: 0 0 0 0 0 -20 0 0 2 0 0 0 -30 0 0 0 0 0 0 0 0 0 0 0 0 30 0 -1
0.21323529411764708: 0 0 0 0 0 -20 0 0 2 0 0 0 -30 0 5 0 0 0 0 0 0 0 0 0 0 30 0 -1
0.08884803921568629: 0 0 0 0 0 -30 0 -30 30 -20 0 0 -50 0 0 0 0 0 0 0 0 0 0 0 50 0 0 -5
0.07781862745098045: 0 0 0 0 0 -30 -30 0 30 -20 0 0 -50 0 0 0 0 0 0 0 0 0 0 0 20 30 0 -5
0.028186274509803877: 0 0 0 -10 0 -30 0 -30 10 0 2 0 0 0 0 0 0 0 -1 10 0 0 -2 0 0 50 0 0
-0.05024509803921573: 0 5 0 0 -2 -30 0 -2 0 -2 0 0 -5 0 0 0 0 0 -2 0 0 0 -2 0 0 30 0 5
-0.0625: 0 50 20 0 -30 -30 -50 0 0 0 50 0 0 0 30 0 0 0 0 50 0 0 -50 0 20 50 0 0
-0.10845588235294118: 20 0 0 0 -30 -5 -50 0 30 -20 0 0 -10 0 0 2 0 0 0 0 0 0 -30 0 10 30 20 0
-0.1734068627450981: 0 0 20 0 -30 -10 -50 0 5 0 30 0 0 0 30 2 0 0 -30 0 0 0 0 30 50 10 5 0
-0.1764705882352941: 5 0 20 0 -30 -10 -50 0 5 0 30 0 0 0 50 2 0 0 -30 0 0 0 0 30 50 10 5 0
-0.22058823529411764: 50 -30 20 0 -30 -10 -50 0 5 0 30 0 0 0 50 2 0 0 -30 0 0 0 0 30 50 10 5 0
-0.24264705882352944: 50 -30 20 0 -30 -10 -50 0 10 0 30 0 -2 0 50 0 0 0 -5 0 0 0 -30 0 20 10 5 1
-0.24264705882352944: 50 -30 20 0 -30 -10 -50 0 10 0 30 0 -2 0 50 0 0 0 -5 0 0 0 -30 0 20 10 5 1
-0.25: 50 -30 20 0 -30 -10 -50 0 10 0 30 0 -5 0 50 2 0 0 -5 0 0 0 -30 -2 20 10 5 1
-0.25: 50 -30 20 0 -30 -10 -50 0 10 0 30 0 -5 0 50 2 0 0 -5 0 0 0 -30 -2 20 10 5 1
-0.2751225490196078: 50 -10 5 0 -10 -10 -20 0 5 2 20 0 -2 0 30 0 -2 0 -5 0 0 -50 -20 -2 5 10 5 1
-0.2751225490196078: 50 -10 5 0 -10 -10 -20 0 5 2 20 0 -2 0 30 0 -2 0 -5 0 0 -50 -20 -2 5 10 5 1
-0.2751225490196078: 50 -10 5 0 -10 -10 -20 0 5 2 20 0 -2 0 30 0 -2 0 -5 0 0 -50 -20 -2 5 10 5 1
-0.2751225490196078: 50 -10 5 0 -10 -10 -20 0 5 2 20 0 -2 0 30 0 -2 0 -5 0 0 -50 -20 -2 5 10 5 1
-0.2751225490196078: 50 -10 5 0 -10 -10 -20 0 5 2 20 0 -2 0 30 0 -2 0 -5 0 0 -50 -20 -2 5 10 5 1
-0.2751225490196078: 50 -10 5 0 -10 -10 -20 0 5 2 20 0 -2 0 30 0 -2 0 -5 0 0 -50 -20 -2 5 10 5 1
-0.2751225490196078: 50 -10 5 0 -10 -10 -20 0 5 2 20 0 -2 0 30 0 -2 0 -5 0 0 -50 -20 -2 5 10 5 1
-0.2751225490196078: 50 -10 5 0 -10 -10 -20 0 5 2 20 0 -2 0 30 0 -2 0 -5 0 0 -50 -20 -2 5 10 5 1
-0.2751225490196078: 50 -10 5 0 -10 -10 -20 0 5 2 20 0 -2 0 30 0 -2 0 -5 0 0 -50 -20 -2 5 10 5 1
