TrainingAccuracy: 0.892
TestAccuracy: 0.8101431645924956
infeasible
infeasible
infeasible
infeasible
infeasible
infeasible
no_sol
-0.2136842105263158: 0 0 0 0 0 -2 0 0 0 -2 0 0 0 -20 0 0 0 -2 0 0 10 0 0 0 -50 -5 0 0 0 -2 0 0 0 0 0 0 0
-0.25368421052631585: 0 0 0 0 0 -2 0 0 0 -2 0 5 0 -30 0 0 0 -2 0 0 10 0 0 0 -20 -5 0 0 0 -2 0 0 0 0 0 0 0
-0.516842105263158: 0 0 0 5 0 0 0 0 0 -30 0 0 0 -50 5 -20 0 0 0 0 30 0 0 0 -30 0 0 0 -30 0 5 0 0 0 0 0 -2
-0.6821052631578948: 0 0 0 10 0 0 0 0 0 -20 -10 0 0 -50 20 0 0 0 0 0 30 0 0 0 -20 0 0 0 -30 -10 0 0 0 0 20 0 -1
-0.7747368421052632: 0 0 0 2 0 -5 0 0 0 -20 -10 0 0 -50 20 0 0 0 0 0 30 0 0 0 -20 0 0 0 -30 -5 0 0 0 0 2 0 -1
-0.88: 0 0 0 5 0 -2 0 0 0 -20 -10 0 0 -50 20 0 0 0 0 -50 30 0 0 0 -30 0 0 1 -50 -10 0 0 0 0 20 0 0
-0.91: 0 0 0 5 0 -5 0 0 0 -30 -20 0 0 -50 10 0 0 0 0 -50 30 0 0 -5 -30 0 0 2 -50 0 20 0 0 0 10 0 0
-0.94: 0 -10 0 5 0 -5 0 0 0 -20 -10 0 0 -50 5 0 0 2 0 0 20 0 0 0 -20 0 2 0 -50 0 10 0 2 0 20 0 0
-0.95: 0 -10 0 5 2 -5 0 0 0 -20 -10 0 0 -50 5 0 0 2 0 0 20 0 0 0 -20 0 2 0 -50 0 10 0 2 0 20 0 0
-0.96: 0 -10 0 5 2 -5 0 0 0 -20 -10 0 0 -50 5 0 0 2 0 0 20 0 0 0 -20 0 2 0 -50 0 10 0 2 0 20 2 0
-0.96: 0 -10 0 5 2 -5 0 0 0 -20 -10 0 0 -50 5 0 0 2 0 0 20 0 0 0 -20 0 2 0 -50 0 10 0 2 0 20 2 0
-0.96: 0 -10 0 5 2 -5 0 0 0 -20 -10 0 0 -50 5 0 0 2 0 0 20 0 0 0 -20 0 2 0 -50 0 10 0 2 0 20 2 0
-0.96: 1 -10 0 5 10 -2 0 0 0 -20 -10 0 0 -50 5 -1 0 0 0 -50 20 0 0 0 -30 0 2 0 -50 0 10 0 0 -5 20 0 0
-0.96: 1 -10 0 5 10 -2 0 0 0 -20 -10 0 0 -50 5 -1 0 0 0 -50 20 0 0 0 -30 0 2 0 -50 0 10 0 0 -5 20 0 0
-0.96: 1 -10 0 5 10 -2 0 0 0 -20 -10 0 0 -50 5 -1 0 0 0 -50 20 0 0 0 -30 0 2 0 -50 0 10 0 0 -5 20 0 0
-0.96: 1 -10 0 5 10 -2 0 0 0 -20 -10 0 0 -50 5 -1 0 0 0 -50 20 0 0 0 -30 0 2 0 -50 0 10 0 0 -5 20 0 0
-0.96: 1 -10 0 5 10 -2 0 0 0 -20 -10 0 0 -50 5 -1 0 0 0 -50 20 0 0 0 -30 0 2 0 -50 0 10 0 0 -5 20 0 0
-0.96: 1 -10 0 5 10 -2 0 0 0 -20 -10 0 0 -50 5 -1 0 0 0 -50 20 0 0 0 -30 0 2 0 -50 0 10 0 0 -5 20 0 0
-0.96: 1 -10 0 5 10 -2 0 0 0 -20 -10 0 0 -50 5 -1 0 0 0 -50 20 0 0 0 -30 0 2 0 -50 0 10 0 0 -5 20 0 0
-0.96: 1 -10 0 5 10 -2 0 0 0 -20 -10 0 0 -50 5 -1 0 0 0 -50 20 0 0 0 -30 0 2 0 -50 0 10 0 0 -5 20 0 0
-0.96: 1 -10 0 5 10 -2 0 0 0 -20 -10 0 0 -50 5 -1 0 0 0 -50 20 0 0 0 -30 0 2 0 -50 0 10 0 0 -5 20 0 0
-0.96: 1 -10 0 5 10 -2 0 0 0 -20 -10 0 0 -50 5 -1 0 0 0 -50 20 0 0 0 -30 0 2 0 -50 0 10 0 0 -5 20 0 0
-0.96: 1 -10 0 5 10 -2 0 0 0 -20 -10 0 0 -50 5 -1 0 0 0 -50 20 0 0 0 -30 0 2 0 -50 0 10 0 0 -5 20 0 0
-0.96: 1 -10 0 5 10 -2 0 0 0 -20 -10 0 0 -50 5 -1 0 0 0 -50 20 0 0 0 -30 0 2 0 -50 0 10 0 0 -5 20 0 0
-0.96: 1 -10 0 5 10 -2 0 0 0 -20 -10 0 0 -50 5 -1 0 0 0 -50 20 0 0 0 -30 0 2 0 -50 0 10 0 0 -5 20 0 0
-0.97: 5 -10 -5 -1 -1 -1 -1 -5 5 -20 -10 -2 -2 -50 10 -5 0 -1 1 -20 20 5 -30 -5 -20 0 2 0 -50 1 10 0 2 0 10 -2 -2
-0.97: 5 -10 -5 -1 -1 -1 -1 -5 5 -20 -10 -2 -2 -50 10 -5 0 -1 1 -20 20 5 -30 -5 -20 0 2 0 -50 1 10 0 2 0 10 -2 -2
-0.97: 5 -10 -5 -1 -1 -1 -1 -5 5 -20 -10 -2 -2 -50 10 -5 0 -1 1 -20 20 5 -30 -5 -20 0 2 0 -50 1 10 0 2 0 10 -2 -2
-0.97: 5 -10 -5 -1 -1 -1 -1 -5 5 -20 -10 -2 -2 -50 10 -5 0 -1 1 -20 20 5 -30 -5 -20 0 2 0 -50 1 10 0 2 0 10 -2 -2
-0.97: 5 -10 -5 -1 -1 -1 -1 -5 5 -20 -10 -2 -2 -50 10 -5 0 -1 1 -20 20 5 -30 -5 -20 0 2 0 -50 1 10 0 2 0 10 -2 -2
