TrainingAccuracy: 0.84
TestAccuracy: 0.7918673268669877
infeasible
infeasible
infeasible
infeasible
no_sol
no_sol
no_sol
-0.2250088606099475: 0 0 0 0 0 -20 30 0 50 20 0 30 0 0 0 0 0 0 -30 0 -50 -1
-0.2250088606099475: 0 0 0 0 0 -20 30 0 50 20 0 30 0 0 0 0 0 0 -30 0 -50 -1
-0.2250088606099475: 0 0 0 0 0 -20 30 0 50 20 0 30 0 0 0 0 0 0 -30 0 -50 -1
-0.2748983139525071: 0 30 0 0 0 -50 0 -30 50 30 10 30 0 -10 0 0 0 0 -20 0 -50 1
-0.2748983139525071: 0 30 0 0 0 -50 0 -30 50 30 10 30 0 -10 0 0 0 0 -20 0 -50 1
-0.2748983139525071: 0 30 0 0 0 -50 0 -30 50 30 10 30 0 -10 0 0 0 0 -20 0 -50 1
-0.2748983139525071: 0 30 0 0 0 -50 0 -30 50 30 10 30 0 -10 0 0 0 0 -20 0 -50 1
-0.2748983139525071: 0 30 0 0 0 -50 0 -30 50 30 10 30 0 -10 0 0 0 0 -20 0 -50 1
-0.2748983139525071: 0 30 0 0 0 -50 0 -30 50 30 10 30 0 -10 0 0 0 0 -20 0 -50 1
-0.3040623786940305: -30 -2 -50 -20 -10 0 50 5 50 20 0 0 0 -5 5 -2 0 10 -20 10 -50 1
-0.3040623786940305: -30 -2 -50 -20 -10 0 50 5 50 20 0 0 0 -5 5 -2 0 10 -20 10 -50 1
-0.3040623786940305: -30 -2 -50 -20 -10 0 50 5 50 20 0 0 0 -5 5 -2 0 10 -20 10 -50 1
-0.3040623786940305: -30 -2 -50 -20 -10 0 50 5 50 20 0 0 0 -5 5 -2 0 10 -20 10 -50 1
-0.3040623786940305: -30 -2 -50 -20 -10 0 50 5 50 20 0 0 0 -5 5 -2 0 10 -20 10 -50 1
-0.30672900035442435: 5 30 0 5 -5 -50 5 -30 50 20 -20 30 2 10 10 -10 5 0 -20 10 -50 1
