TrainingAccuracy: 0.848
TestAccuracy: 0.7989554364783287
infeasible
infeasible
infeasible
infeasible
no_sol
no_sol
no_sol
-0.3640810621942697: 0 0 0 0 0 -20 30 0 50 20 0 30 0 0 0 0 0 0 -30 0 -50 -1
-0.3640810621942697: 0 0 0 0 0 -20 30 0 50 20 0 30 0 0 0 0 0 0 -30 0 -50 -1
-0.3640810621942697: 0 0 0 0 0 -20 30 0 50 20 0 30 0 0 0 0 0 0 -30 0 -50 -1
-0.45807127882599574: 0 30 -50 0 0 -50 0 -30 50 30 0 30 0 -10 0 0 0 0 -20 0 -50 1
-0.4765897973445143: 0 30 -50 0 0 -50 0 -20 50 30 0 30 0 -10 0 0 -2 0 -20 0 -50 1
-0.4765897973445143: 0 30 -50 0 0 -50 0 -20 50 30 0 30 0 -10 0 0 -2 0 -20 0 -50 1
-0.4765897973445143: 0 30 -50 0 0 -50 0 -20 50 30 0 30 0 -10 0 0 -2 0 -20 0 -50 1
-0.4930118798043326: -2 20 0 0 2 -50 0 -50 50 0 -10 10 -5 30 30 0 -5 0 0 -5 -30 1
-0.5136268343815513: 0 30 -50 -2 0 -50 0 -20 50 30 0 30 0 -10 10 0 -2 0 -20 -2 -50 1
-0.5136268343815513: 0 30 -50 -2 0 -50 0 -20 50 30 0 30 0 -10 10 0 -2 0 -20 -2 -50 1
-0.5136268343815513: 0 30 -50 -2 0 -50 0 -20 50 30 0 30 0 -10 10 0 -2 0 -20 -2 -50 1
-0.5136268343815513: 0 30 -50 -2 0 -50 0 -20 50 30 0 30 0 -10 10 0 -2 0 -20 -2 -50 1
-0.5324947589098533: -30 -2 -50 -20 -10 -5 50 5 50 20 -30 30 0 -5 5 -2 0 10 -30 10 -50 1
-0.5496156533892382: -2 20 -50 5 2 -50 -50 -50 50 20 -30 5 -2 20 30 0 -5 10 -5 -5 -30 1
-0.6048218029350104: -2 30 0 10 2 -50 0 -50 50 5 -20 10 -10 30 30 -10 -5 0 5 -5 -50 1
