TrainingAccuracy: 0.848
TestAccuracy: 0.7989554364783287
infeasible
infeasible
infeasible
infeasible
no_sol
no_sol
-0.40111809923130676: 0 0 0 0 0 -20 0 -2 50 10 0 30 0 0 0 0 0 0 -30 0 -50 0
-0.49510831586303283: 0 20 0 0 0 -30 0 0 50 2 0 20 0 0 0 0 0 0 -20 0 -50 -1
-0.5321453529000698: 0 20 -30 0 0 -20 0 0 50 2 0 10 0 0 0 0 0 0 -30 0 -50 -1
-0.5324947589098533: 0 20 -50 0 0 -30 0 0 50 10 0 10 0 2 0 0 0 0 -20 0 -50 -1
-0.5324947589098533: 0 20 -50 0 0 -30 0 0 50 10 0 10 0 2 0 0 0 0 -20 0 -50 -1
-0.5324947589098533: 0 20 -50 0 0 -30 0 0 50 10 0 10 0 2 0 0 0 0 -20 0 -50 -1
-0.5324947589098533: 0 20 -50 0 0 -30 0 0 50 10 0 10 0 2 0 0 0 0 -20 0 -50 -1
-0.5691823899371069: 0 5 -50 0 -10 -20 0 0 50 20 -20 30 0 -10 0 -2 0 0 -30 -2 -50 -2
-0.5691823899371069: 0 5 -50 0 -10 -20 0 0 50 20 -20 30 0 -10 0 -2 0 0 -30 -2 -50 -2
-0.6233403214535289: -2 0 -30 0 2 -30 0 -30 30 0 -20 20 -10 20 30 0 -5 0 0 -10 -30 1
-0.6233403214535289: -2 0 -30 0 2 -30 0 -30 30 0 -20 20 -10 20 30 0 -5 0 0 -10 -30 1
-0.6425576519916142: -2 5 -10 0 2 -50 -10 -50 50 20 -50 30 -5 20 50 0 -5 0 0 -10 -50 1
-0.7358490566037735: -10 -2 -50 -5 -10 2 0 -10 50 -5 -30 0 -10 20 20 -5 -10 5 0 -5 -50 -1
-0.7358490566037735: -10 -2 -50 -5 -10 2 0 -10 50 -5 -30 0 -10 20 20 -5 -10 5 0 -5 -50 -1
-0.7365478686233404: 5 20 -50 -2 -5 -30 20 -20 30 30 -30 2 -2 20 30 -10 -10 2 0 -10 -50 1
-0.7365478686233404: 5 20 -50 -2 -5 -30 20 -20 30 30 -30 2 -2 20 30 -10 -10 2 0 -10 -50 1
