TrainingAccuracy: 0.886
TestAccuracy: 0.8026574342659306
infeasible
infeasible
infeasible
infeasible
infeasible
infeasible
infeasible
infeasible
no_sol
no_sol
no_sol
no_sol
no_sol
no_sol
-0.420059582919563: 0 -30 0 2 0 2 0 0 30 -20 0 0 0 -50 20 0 0 0 0 0 0 0 -30 -30 -20 0 10 0 -20 0 0 20 0 0 30 0 -1
-0.4523336643495532: 0 -20 5 2 0 2 0 0 0 -10 0 0 0 -30 10 0 0 0 5 0 0 -10 0 -20 -10 0 5 0 -10 0 0 5 0 0 20 0 -1
-0.643992055610725: 0 -50 2 0 0 2 0 0 0 -10 0 0 50 -50 20 0 0 0 5 -5 0 -30 2 -50 -10 0 0 0 -30 2 10 0 0 0 50 0 0
-0.7249255213505462: 0 -30 5 0 0 2 10 0 0 -10 0 2 0 -50 20 0 0 0 5 -10 0 -10 0 -30 -30 0 5 0 -30 0 0 20 0 0 30 0 -1
-0.7437934458788481: 0 -30 5 0 0 2 10 0 5 -10 0 0 0 -50 20 0 0 0 5 -10 0 -10 5 -30 -30 0 2 0 -30 2 0 20 0 0 30 0 0
-0.7437934458788481: 0 -30 5 0 0 2 10 0 5 -10 0 0 0 -50 20 0 0 0 5 -10 0 -10 5 -30 -30 0 2 0 -30 2 0 20 0 0 30 0 0
-0.7437934458788481: 0 -30 5 0 0 2 10 0 5 -10 0 0 0 -50 20 0 0 0 5 -10 0 -10 5 -30 -30 0 2 0 -30 2 0 20 0 0 30 0 0
-0.8435948361469712: 5 -10 -2 0 -5 0 0 -5 2 -5 0 0 30 -50 2 0 0 0 2 0 0 -10 0 -20 -30 0 -2 0 -50 0 10 10 0 -10 50 20 1
-0.8435948361469712: 5 -10 -2 0 -5 0 0 -5 2 -5 0 0 30 -50 2 0 0 0 2 0 0 -10 0 -20 -30 0 -2 0 -50 0 10 10 0 -10 50 20 1
-0.8435948361469712: 5 -10 -2 0 -5 0 0 -5 2 -5 0 0 30 -50 2 0 0 0 2 0 0 -10 0 -20 -30 0 -2 0 -50 0 10 10 0 -10 50 20 1
-0.8435948361469712: 5 -10 -2 0 -5 0 0 -5 2 -5 0 0 30 -50 2 0 0 0 2 0 0 -10 0 -20 -30 0 -2 0 -50 0 10 10 0 -10 50 20 1
-0.8435948361469712: 5 -10 -2 0 -5 0 0 -5 2 -5 0 0 30 -50 2 0 0 0 2 0 0 -10 0 -20 -30 0 -2 0 -50 0 10 10 0 -10 50 20 1
-0.8435948361469712: 5 -10 -2 0 -5 0 0 -5 2 -5 0 0 30 -50 2 0 0 0 2 0 0 -10 0 -20 -30 0 -2 0 -50 0 10 10 0 -10 50 20 1
-0.8435948361469712: 5 -10 -2 0 -5 0 0 -5 2 -5 0 0 30 -50 2 0 0 0 2 0 0 -10 0 -20 -30 0 -2 0 -50 0 10 10 0 -10 50 20 1
-0.8435948361469712: 5 -10 -2 0 -5 0 0 -5 2 -5 0 0 30 -50 2 0 0 0 2 0 0 -10 0 -20 -30 0 -2 0 -50 0 10 10 0 -10 50 20 1
-0.8435948361469712: 5 -10 -2 0 -5 0 0 -5 2 -5 0 0 30 -50 2 0 0 0 2 0 0 -10 0 -20 -30 0 -2 0 -50 0 10 10 0 -10 50 20 1
-0.8435948361469712: 5 -10 -2 0 -5 0 0 -5 2 -5 0 0 30 -50 2 0 0 0 2 0 0 -10 0 -20 -30 0 -2 0 -50 0 10 10 0 -10 50 20 1
-0.8435948361469712: 5 -10 -2 0 -5 0 0 -5 2 -5 0 0 30 -50 2 0 0 0 2 0 0 -10 0 -20 -30 0 -2 0 -50 0 10 10 0 -10 50 20 1
-0.8435948361469712: 5 -10 -2 0 -5 0 0 -5 2 -5 0 0 30 -50 2 0 0 0 2 0 0 -10 0 -20 -30 0 -2 0 -50 0 10 10 0 -10 50 20 1
-0.8435948361469712: 5 -10 -2 0 -5 0 0 -5 2 -5 0 0 30 -50 2 0 0 0 2 0 0 -10 0 -20 -30 0 -2 0 -50 0 10 10 0 -10 50 20 1
-0.8435948361469712: 5 -10 -2 0 -5 0 0 -5 2 -5 0 0 30 -50 2 0 0 0 2 0 0 -10 0 -20 -30 0 -2 0 -50 0 10 10 0 -10 50 20 1
-0.8435948361469712: 5 -10 -2 0 -5 0 0 -5 2 -5 0 0 30 -50 2 0 0 0 2 0 0 -10 0 -20 -30 0 -2 0 -50 0 10 10 0 -10 50 20 1
-0.8435948361469712: 5 -10 -2 0 -5 0 0 -5 2 -5 0 0 30 -50 2 0 0 0 2 0 0 -10 0 -20 -30 0 -2 0 -50 0 10 10 0 -10 50 20 1
