TrainingAccuracy: 0.892
TestAccuracy: 0.7991952839898943
infeasible
no_sol
no_sol
no_sol
no_sol
no_sol
no_sol
no_sol
no_sol
no_sol
no_sol
no_sol
no_sol
no_sol
no_sol
no_sol
-0.17623762376237628: 0 -20 0 0 0 0 10 0 0 0 0 10 30 0 20 -10 0 -10 5 0 50 -50 -50 0 -50 0 0 -50 0 -2 0 0 0 0 20 10 -10
-0.1861386138613862: 0 -20 0 0 0 0 10 0 0 0 0 10 30 0 20 -10 0 -10 5 0 50 -50 -50 0 -50 0 0 -50 0 -2 0 -30 0 0 20 10 -10
-0.24290429042904293: 0 0 0 10 0 0 20 0 0 -30 -30 0 -10 -50 20 -30 0 -10 0 0 50 0 0 -30 -30 0 -20 -10 20 -5 0 0 -30 0 50 30 0
-0.24290429042904293: 0 0 0 10 0 0 20 0 0 -30 -30 0 -10 -50 20 -30 0 -10 0 0 50 0 0 -30 -30 0 -20 -10 20 -5 0 0 -30 0 50 30 0
-0.24290429042904293: 0 0 0 10 0 0 20 0 0 -30 -30 0 -10 -50 20 -30 0 -10 0 0 50 0 0 -30 -30 0 -20 -10 20 -5 0 0 -30 0 50 30 0
-0.24290429042904293: 0 0 0 10 0 0 20 0 0 -30 -30 0 -10 -50 20 -30 0 -10 0 0 50 0 0 -30 -30 0 -20 -10 20 -5 0 0 -30 0 50 30 0
-0.25280528052805284: 0 -10 -1 2 0 0 10 -5 0 0 5 10 20 0 2 -20 0 -10 0 -30 50 -20 -50 0 -30 -5 0 -50 0 -5 0 -5 2 0 10 5 0
-0.25280528052805284: 0 -10 -1 2 0 0 10 -5 0 0 5 10 20 0 2 -20 0 -10 0 -30 50 -20 -50 0 -30 -5 0 -50 0 -5 0 -5 2 0 10 5 0
-0.25280528052805284: 0 -10 -1 2 0 0 10 -5 0 0 5 10 20 0 2 -20 0 -10 0 -30 50 -20 -50 0 -30 -5 0 -50 0 -5 0 -5 2 0 10 5 0
-0.25280528052805284: 0 -10 -1 2 0 0 10 -5 0 0 5 10 20 0 2 -20 0 -10 0 -30 50 -20 -50 0 -30 -5 0 -50 0 -5 0 -5 2 0 10 5 0
-0.25280528052805284: 0 -10 -1 2 0 0 10 -5 0 0 5 10 20 0 2 -20 0 -10 0 -30 50 -20 -50 0 -30 -5 0 -50 0 -5 0 -5 2 0 10 5 0
-0.25280528052805284: 0 -10 -1 2 0 0 10 -5 0 0 5 10 20 0 2 -20 0 -10 0 -30 50 -20 -50 0 -30 -5 0 -50 0 -5 0 -5 2 0 10 5 0
-0.27260726072607266: 0 -10 -1 2 -30 0 10 -5 0 0 5 10 20 0 2 -30 0 -10 0 0 50 -20 -5 0 -30 -5 0 0 50 -5 0 -5 2 0 10 5 -50
-0.27260726072607266: 0 -10 -1 2 -30 0 10 -5 0 0 5 10 20 0 2 -30 0 -10 0 0 50 -20 -5 0 -30 -5 0 0 50 -5 0 -5 2 0 10 5 -50
-0.27260726072607266: 0 -10 -1 2 -30 0 10 -5 0 0 5 10 20 0 2 -30 0 -10 0 0 50 -20 -5 0 -30 -5 0 0 50 -5 0 -5 2 0 10 5 -50
-0.27260726072607266: 0 -10 -1 2 -30 0 10 -5 0 0 5 10 20 0 2 -30 0 -10 0 0 50 -20 -5 0 -30 -5 0 0 50 -5 0 -5 2 0 10 5 -50
-0.27260726072607266: 0 -10 -1 2 -30 0 10 -5 0 0 5 10 20 0 2 -30 0 -10 0 0 50 -20 -5 0 -30 -5 0 0 50 -5 0 -5 2 0 10 5 -50
-0.27260726072607266: 0 -10 -1 2 -30 0 10 -5 0 0 5 10 20 0 2 -30 0 -10 0 0 50 -20 -5 0 -30 -5 0 0 50 -5 0 -5 2 0 10 5 -50
-0.27260726072607266: 0 -10 -1 2 -30 0 10 -5 0 0 5 10 20 0 2 -30 0 -10 0 0 50 -20 -5 0 -30 -5 0 0 50 -5 0 -5 2 0 10 5 -50
-0.27260726072607266: 0 -10 -1 2 -30 0 10 -5 0 0 5 10 20 0 2 -30 0 -10 0 0 50 -20 -5 0 -30 -5 0 0 50 -5 0 -5 2 0 10 5 -50
-0.27260726072607266: 0 -10 -1 2 -30 0 10 -5 0 0 5 10 20 0 2 -30 0 -10 0 0 50 -20 -5 0 -30 -5 0 0 50 -5 0 -5 2 0 10 5 -50
