TrainingAccuracy: 0.806
TestAccuracy: 0.7861357932578172
infeasible
infeasible
infeasible
no_sol
-0.011165845648604261: 0 0 0 0 0 20 0 0 20 0 0 20 0 0 0 0 0 0 0 20 0 -50
-0.070935960591133: 0 0 0 0 0 -10 0 -30 50 0 0 50 0 0 0 0 0 0 20 0 0 -50
-0.15632183908045977: -30 0 0 0 0 0 0 -30 50 0 0 5 0 10 0 0 0 0 0 0 -20 -2
-0.19934318555008212: -5 0 0 0 -10 0 0 -30 30 0 0 0 30 0 0 0 0 5 0 0 -30 -1
-0.19934318555008212: -5 0 0 0 -10 0 0 -30 30 0 0 0 30 0 0 0 0 5 0 0 -30 -1
-0.23054187192118225: 0 0 0 2 0 -50 0 -50 50 0 0 50 0 0 0 -2 2 -2 0 0 -50 1
-0.23054187192118225: 0 0 0 2 0 -50 0 -50 50 0 0 50 0 0 0 -2 2 -2 0 0 -50 1
-0.23973727422003283: -30 0 0 0 -5 -2 0 -30 50 0 0 30 10 10 0 0 0 -2 0 5 -50 1
-0.23973727422003283: -30 0 0 0 -5 -2 0 -30 50 0 0 30 10 10 0 0 0 -2 0 5 -50 1
-0.23973727422003283: -30 0 0 0 -5 -2 0 -30 50 0 0 30 10 10 0 0 0 -2 0 5 -50 1
-0.23973727422003283: -30 0 0 0 -5 -2 0 -30 50 0 0 30 10 10 0 0 0 -2 0 5 -50 1
-0.25829228243021346: 2 -5 50 0 -20 -30 0 -30 50 0 0 0 50 -50 0 -5 -2 2 10 20 -30 1
-0.26732348111658455: 10 10 0 20 0 2 50 2 50 -5 0 20 30 0 20 -20 -10 0 5 5 -50 -50
-0.26732348111658455: 10 10 0 20 0 2 50 2 50 -5 0 20 30 0 20 -20 -10 0 5 5 -50 -50
-0.26732348111658455: 10 10 0 20 0 2 50 2 50 -5 0 20 30 0 20 -20 -10 0 5 5 -50 -50
-0.26732348111658455: 10 10 0 20 0 2 50 2 50 -5 0 20 30 0 20 -20 -10 0 5 5 -50 -50
-0.27816091954022987: 10 10 30 20 0 -50 0 -50 50 0 5 5 30 10 20 -20 -10 -2 -2 20 -50 1
-0.27816091954022987: 10 10 30 20 0 -50 0 -50 50 0 5 5 30 10 20 -20 -10 -2 -2 20 -50 1
