TrainingAccuracy: 0.706
TestAccuracy: 0.6547512660113196
infeasible
no_sol
no_sol
no_sol
no_sol
no_sol
no_sol
no_sol
no_sol
no_sol
no_sol
no_sol
-0.5218171775752555: 50 0 20 0 2 0 0 0 10 20 -5 0 -20 0 0 -1 0 0 0 0 0 0 -20 0 10 30 10 -30
-0.5288594310963822: 50 0 20 0 2 0 0 0 10 20 -5 0 -20 0 0 -1 0 0 0 5 0 0 -20 0 10 30 10 -30
-0.5288594310963822: 50 0 20 0 2 0 0 0 10 20 -5 0 -20 0 0 -1 0 0 0 5 0 0 -20 0 10 30 10 -30
-0.5499861916597625: 50 -2 20 -5 10 0 0 2 10 20 0 0 -20 0 2 -30 0 0 0 0 0 0 -20 0 5 30 5 -1
-0.5668323667495168: 50 0 10 -20 30 -30 20 2 10 30 0 0 -10 0 0 0 0 0 -30 -20 0 0 -20 0 2 30 2 -1
-0.5668323667495168: 50 0 10 -20 30 -30 20 2 10 30 0 0 -10 0 0 0 0 0 -30 -20 0 0 -20 0 2 30 2 -1
-0.5668323667495168: 50 0 10 -20 30 -30 20 2 10 30 0 0 -10 0 0 0 0 0 -30 -20 0 0 -20 0 2 30 2 -1
-0.5683512841756421: 50 0 20 -5 20 2 5 5 10 30 10 0 -2 0 10 -50 0 0 -2 0 50 0 -10 2 0 30 5 1
-0.5683512841756421: 50 0 20 -5 20 2 5 5 10 30 10 0 -2 0 10 -50 0 0 -2 0 50 0 -10 2 0 30 5 1
-0.5683512841756421: 50 0 20 -5 20 2 5 5 10 30 10 0 -2 0 10 -50 0 0 -2 0 50 0 -10 2 0 30 5 1
-0.5683512841756421: 50 0 20 -5 20 2 5 5 10 30 10 0 -2 0 10 -50 0 0 -2 0 50 0 -10 2 0 30 5 1
-0.5683512841756421: 50 0 20 -5 20 2 5 5 10 30 10 0 -2 0 10 -50 0 0 -2 0 50 0 -10 2 0 30 5 1
-0.5683512841756421: 50 0 20 -5 20 2 5 5 10 30 10 0 -2 0 10 -50 0 0 -2 0 50 0 -10 2 0 30 5 1
-0.5683512841756421: 50 0 20 -5 20 2 5 5 10 30 10 0 -2 0 10 -50 0 0 -2 0 50 0 -10 2 0 30 5 1
-0.5683512841756421: 50 0 20 -5 20 2 5 5 10 30 10 0 -2 0 10 -50 0 0 -2 0 50 0 -10 2 0 30 5 1
-0.5683512841756421: 50 0 20 -5 20 2 5 5 10 30 10 0 -2 0 10 -50 0 0 -2 0 50 0 -10 2 0 30 5 1
