TrainingAccuracy: 0.892
TestAccuracy: 0.8113907863135897
infeasible
infeasible
infeasible
infeasible
infeasible
infeasible
infeasible
infeasible
infeasible
no_sol
no_sol
no_sol
no_sol
no_sol
no_sol
0.22958754208754212: 1 -2 0 0 0 -2 0 -5 5 -2 0 2 0 -50 20 0 0 -2 0 -30 50 0 0 0 0 2 30 0 0 0 0 0 0 -30 0 0 -50
0.16007295173961839: 0 -2 0 0 0 0 10 0 0 -2 0 30 -2 -50 10 0 0 -20 0 -50 50 0 0 0 -30 5 0 -2 0 -2 0 5 0 0 30 0 -50
0.14253647586980922: 1 -20 0 0 0 0 5 0 0 -5 0 0 -2 -50 30 0 0 -5 0 -50 50 -50 0 20 -30 0 0 0 5 0 5 5 0 0 30 0 -50
0.13636363636363635: 1 -20 0 0 0 0 5 0 0 -5 0 0 0 -50 30 0 0 -2 0 0 50 -30 0 20 -30 0 -2 0 5 0 10 20 0 -2 30 2 -50
0.13019079685746354: 1 -20 0 0 0 0 5 0 0 -5 0 0 -2 -50 30 0 0 -2 0 0 50 -30 0 20 -30 0 -2 0 5 0 10 20 0 -2 30 2 -50
0.12563131313131312: 0 -20 0 0 0 0 5 0 0 -2 0 20 -2 -50 10 0 0 -20 0 -30 50 0 0 20 -10 1 -2 0 5 0 10 5 0 -2 5 0 -50
0.11980920314253651: 1 -10 0 -2 0 2 10 0 -10 -5 0 20 -10 -50 30 0 0 -10 0 -30 50 10 0 0 -30 0 -2 0 5 0 10 10 0 0 30 0 -50
0.11363636363636365: 1 -10 0 0 0 2 10 0 -10 -5 0 20 -10 -50 30 0 0 -10 -2 -20 50 0 0 0 -30 0 -2 0 10 0 10 20 0 -2 30 2 -50
0.11104096520763188: 1 -10 -2 -2 0 2 10 0 0 -5 0 5 0 -50 30 0 0 -5 0 -5 50 5 0 20 -30 0 -2 0 5 0 10 20 0 -2 30 2 -50
0.11104096520763188: 1 -10 -2 -2 0 2 10 0 0 -5 0 5 0 -50 30 0 0 -5 0 -5 50 5 0 20 -30 0 -2 0 5 0 10 20 0 -2 30 2 -50
0.11104096520763188: 1 -10 -2 -2 0 2 10 0 0 -5 0 5 0 -50 30 0 0 -5 0 -5 50 5 0 20 -30 0 -2 0 5 0 10 20 0 -2 30 2 -50
0.10746352413019081: 1 -5 0 0 -5 0 5 -20 20 -5 -2 20 -10 -50 30 0 0 -20 0 -50 50 -20 -50 0 -30 0 -2 0 20 0 5 30 2 -5 10 20 -50
0.10746352413019081: 1 -5 0 0 -5 0 5 -20 20 -5 -2 20 -10 -50 30 0 0 -20 0 -50 50 -20 -50 0 -30 0 -2 0 20 0 5 30 2 -5 10 20 -50
0.10746352413019081: 1 -5 0 0 -5 0 5 -20 20 -5 -2 20 -10 -50 30 0 0 -20 0 -50 50 -20 -50 0 -30 0 -2 0 20 0 5 30 2 -5 10 20 -50
0.10423681257014591: 0 -20 -2 -2 -20 -2 5 2 0 -2 0 30 -10 -50 30 0 0 -30 0 -50 50 -10 -2 -2 -30 10 5 0 20 -5 10 20 0 -2 50 30 -50
0.10423681257014591: 0 -20 -2 -2 -20 -2 5 2 0 -2 0 30 -10 -50 30 0 0 -30 0 -50 50 -10 -2 -2 -30 10 5 0 20 -5 10 20 0 -2 50 30 -50
0.10423681257014591: 0 -20 -2 -2 -20 -2 5 2 0 -2 0 30 -10 -50 30 0 0 -30 0 -50 50 -10 -2 -2 -30 10 5 0 20 -5 10 20 0 -2 50 30 -50
0.10423681257014591: 0 -20 -2 -2 -20 -2 5 2 0 -2 0 30 -10 -50 30 0 0 -30 0 -50 50 -10 -2 -2 -30 10 5 0 20 -5 10 20 0 -2 50 30 -50
0.10423681257014591: 0 -20 -2 -2 -20 -2 5 2 0 -2 0 30 -10 -50 30 0 0 -30 0 -50 50 -10 -2 -2 -30 10 5 0 20 -5 10 20 0 -2 50 30 -50
0.10423681257014591: 0 -20 -2 -2 -20 -2 5 2 0 -2 0 30 -10 -50 30 0 0 -30 0 -50 50 -10 -2 -2 -30 10 5 0 20 -5 10 20 0 -2 50 30 -50
0.10423681257014591: 0 -20 -2 -2 -20 -2 5 2 0 -2 0 30 -10 -50 30 0 0 -30 0 -50 50 -10 -2 -2 -30 10 5 0 20 -5 10 20 0 -2 50 30 -50
0.10423681257014591: 0 -20 -2 -2 -20 -2 5 2 0 -2 0 30 -10 -50 30 0 0 -30 0 -50 50 -10 -2 -2 -30 10 5 0 20 -5 10 20 0 -2 50 30 -50
