TrainingAccuracy: 0.848
TestAccuracy: 0.7989554364783287
no_sol
no_sol
no_sol
no_sol
no_sol
no_sol
no_sol
no_sol
no_sol
no_sol
no_sol
0.23060796645702308: -5 0 0 2 -5 2 50 0 50 -5 0 0 0 30 20 0 0 0 0 2 -20 -50
0.23060796645702308: -5 0 0 2 -5 2 50 0 50 -5 0 0 0 30 20 0 0 0 0 2 -20 -50
0.15548567435359892: -10 0 -50 0 -20 -1 10 -5 30 -10 0 0 0 20 2 0 0 10 0 2 -10 -20
0.15548567435359892: -10 0 -50 0 -20 -1 10 -5 30 -10 0 0 0 20 2 0 0 10 0 2 -10 -20
0.15548567435359892: -10 0 -50 0 -20 -1 10 -5 30 -10 0 0 0 20 2 0 0 10 0 2 -10 -20
0.15548567435359892: -10 0 -50 0 -20 -1 10 -5 30 -10 0 0 0 20 2 0 0 10 0 2 -10 -20
-0.14290705800139764: -20 -5 0 0 -2 -1 10 -5 30 -10 0 10 -10 20 2 -20 0 5 0 2 10 -20
-0.14290705800139764: -20 -5 0 0 -2 -1 10 -5 30 -10 0 10 -10 20 2 -20 0 5 0 2 10 -20
-0.14290705800139764: -20 -5 0 0 -2 -1 10 -5 30 -10 0 10 -10 20 2 -20 0 5 0 2 10 -20
-0.14290705800139764: -20 -5 0 0 -2 -1 10 -5 30 -10 0 10 -10 20 2 -20 0 5 0 2 10 -20
-0.14290705800139764: -20 -5 0 0 -2 -1 10 -5 30 -10 0 10 -10 20 2 -20 0 5 0 2 10 -20
