TrainingAccuracy: 0.892
TestAccuracy: 0.8113907863135897
infeasible
infeasible
infeasible
infeasible
infeasible
infeasible
no_sol
-0.2703423120089787: 0 0 0 0 0 -2 0 0 0 -2 0 0 0 -20 0 0 0 -2 0 0 10 0 0 0 -50 -5 0 0 0 -2 0 0 0 0 0 0 0
-0.283179012345679: 0 0 0 0 0 -2 0 0 0 -2 0 5 0 -30 0 0 0 -2 0 0 10 0 0 0 -20 -5 0 0 0 -2 0 0 0 0 0 0 0
-0.3336840628507295: 1 0 0 5 0 -2 0 0 0 -20 0 0 0 -50 20 0 0 0 0 0 30 0 0 0 -30 0 0 0 -20 -10 0 0 0 0 0 0 0
-0.37331649831649827: 1 0 0 5 0 -2 0 0 0 -30 -20 0 0 -50 2 0 0 0 0 0 30 0 0 0 -30 0 0 0 -30 0 0 0 0 0 2 0 0
-0.37752525252525254: 0 0 0 2 0 -5 0 0 0 -20 -10 0 0 -50 20 0 0 0 0 0 30 0 0 0 -20 0 0 0 -30 -5 0 0 0 0 2 0 -1
-0.39183501683501687: 0 0 0 10 0 -5 0 0 0 -30 -10 0 0 -50 5 0 0 2 0 0 30 0 0 0 -30 0 2 0 -30 0 0 0 2 0 10 0 0
-0.40937149270482603: 0 0 2 10 0 -5 0 0 0 -30 -20 0 0 -50 2 0 0 0 0 0 30 0 0 0 -30 0 2 2 -30 0 2 0 0 0 5 0 0
-0.4166666666666667: 0 -10 0 5 0 -5 0 0 0 -20 -10 0 0 -50 5 0 0 2 0 0 20 0 0 0 -20 0 2 0 -50 0 10 0 2 0 20 0 0
-0.4228395061728395: 0 -10 0 5 2 -5 0 0 0 -20 -10 0 0 -50 5 0 0 2 0 0 20 0 0 0 -20 0 2 0 -50 0 10 0 2 0 20 0 0
-0.429503367003367: 0 -10 0 5 10 -2 0 0 0 -20 -10 0 0 -50 5 0 0 0 0 -50 20 0 0 0 -30 0 2 1 -30 0 10 0 0 -5 20 0 0
-0.429503367003367: 0 -10 0 5 10 -2 0 0 0 -20 -10 0 0 -50 5 0 0 0 0 -50 20 0 0 0 -30 0 2 1 -30 0 10 0 0 -5 20 0 0
-0.429503367003367: 0 -10 0 5 10 -2 0 0 0 -20 -10 0 0 -50 5 0 0 0 0 -50 20 0 0 0 -30 0 2 1 -30 0 10 0 0 -5 20 0 0
-0.43209876543209874: 1 -10 0 5 10 -2 0 0 0 -20 -10 0 0 -50 5 -1 0 0 0 -50 20 0 0 0 -30 0 2 0 -50 0 10 0 0 -5 20 0 0
-0.43209876543209874: 1 -10 0 5 10 -2 0 0 0 -20 -10 0 0 -50 5 -1 0 0 0 -50 20 0 0 0 -30 0 2 0 -50 0 10 0 0 -5 20 0 0
-0.43209876543209874: 1 -10 0 5 10 -2 0 0 0 -20 -10 0 0 -50 5 -1 0 0 0 -50 20 0 0 0 -30 0 2 0 -50 0 10 0 0 -5 20 0 0
-0.43209876543209874: 1 -5 0 10 10 -2 0 10 0 -20 -10 -5 -5 -50 20 -5 0 0 0 -30 30 10 0 0 -30 0 2 0 -50 -10 0 -20 0 -2 20 0 0
-0.43209876543209874: 1 -5 0 10 10 -2 0 10 0 -20 -10 -5 -5 -50 20 -5 0 0 0 -30 30 10 0 0 -30 0 2 0 -50 -10 0 -20 0 -2 20 0 0
-0.43209876543209874: 1 -5 0 10 10 -2 0 10 0 -20 -10 -5 -5 -50 20 -5 0 0 0 -30 30 10 0 0 -30 0 2 0 -50 -10 0 -20 0 -2 20 0 0
-0.44640852974186307: 50 -10 -2 0 0 0 -10 5 2 -20 -30 -2 0 -50 0 -5 0 -20 2 -50 30 0 0 -5 -30 2 5 -20 -50 0 10 0 -20 -30 10 0 -1
-0.44640852974186307: 50 -10 -2 0 0 0 -10 5 2 -20 -30 -2 0 -50 0 -5 0 -20 2 -50 30 0 0 -5 -30 2 5 -20 -50 0 10 0 -20 -30 10 0 -1
-0.44640852974186307: 50 -10 -2 0 0 0 -10 5 2 -20 -30 -2 0 -50 0 -5 0 -20 2 -50 30 0 0 -5 -30 2 5 -20 -50 0 10 0 -20 -30 10 0 -1
-0.44900392817059487: 20 -5 -2 0 5 0 -10 10 10 -10 -20 2 5 -50 5 -5 0 -20 2 -50 30 0 0 -5 -30 2 5 2 -30 -5 0 0 -20 -30 5 0 2
-0.44900392817059487: 20 -5 -2 0 5 0 -10 10 10 -10 -20 2 5 -50 5 -5 0 -20 2 -50 30 0 0 -5 -30 2 5 2 -30 -5 0 0 -20 -30 5 0 2
-0.44900392817059487: 20 -5 -2 0 5 0 -10 10 10 -10 -20 2 5 -50 5 -5 0 -20 2 -50 30 0 0 -5 -30 2 5 2 -30 -5 0 0 -20 -30 5 0 2
-0.44900392817059487: 20 -5 -2 0 5 0 -10 10 10 -10 -20 2 5 -50 5 -5 0 -20 2 -50 30 0 0 -5 -30 2 5 2 -30 -5 0 0 -20 -30 5 0 2
-0.44900392817059487: 20 -5 -2 0 5 0 -10 10 10 -10 -20 2 5 -50 5 -5 0 -20 2 -50 30 0 0 -5 -30 2 5 2 -30 -5 0 0 -20 -30 5 0 2
-0.44900392817059487: 20 -5 -2 0 5 0 -10 10 10 -10 -20 2 5 -50 5 -5 0 -20 2 -50 30 0 0 -5 -30 2 5 2 -30 -5 0 0 -20 -30 5 0 2
-0.44900392817059487: 20 -5 -2 0 5 0 -10 10 10 -10 -20 2 5 -50 5 -5 0 -20 2 -50 30 0 0 -5 -30 2 5 2 -30 -5 0 0 -20 -30 5 0 2
-0.44900392817059487: 20 -5 -2 0 5 0 -10 10 10 -10 -20 2 5 -50 5 -5 0 -20 2 -50 30 0 0 -5 -30 2 5 2 -30 -5 0 0 -20 -30 5 0 2
-0.44900392817059487: 20 -5 -2 0 5 0 -10 10 10 -10 -20 2 5 -50 5 -5 0 -20 2 -50 30 0 0 -5 -30 2 5 2 -30 -5 0 0 -20 -30 5 0 2
