TrainingAccuracy: 0.858
TestAccuracy: 0.7901037780641661
infeasible
infeasible
infeasible
infeasible
-0.012586115527291983: -50 0 0 0 0 0 0 0 50 0 0 0 0 20 0 -30 0 0 0 0 0 -30
-0.012586115527291983: -50 0 0 0 0 0 0 0 50 0 0 0 0 20 0 -30 0 0 0 0 0 -30
-0.06379173290937998: -30 0 0 0 0 0 0 0 50 0 0 -20 0 0 0 -30 0 0 -10 0 -20 -2
-0.10366984631690514: 0 0 0 0 -20 0 0 0 30 5 0 -5 0 0 0 -10 0 0 -10 0 -20 -2
-0.1413619501854796: -20 0 0 0 -20 -10 0 0 50 0 0 0 0 0 0 -20 0 20 -20 0 -30 -1
-0.14288553259141495: -20 0 0 0 -20 0 0 0 50 0 0 -10 0 5 0 -20 0 20 -20 0 -30 -1
-0.14878113407525173: -2 0 0 0 0 0 0 0 30 5 0 -30 20 10 -20 -20 -5 0 0 0 -30 -2
-0.16772655007949125: 0 0 0 2 -5 -5 0 0 30 20 0 -30 0 20 0 -20 -5 0 -10 0 -30 -1
-0.1692501324854266: -20 -20 0 0 -20 0 0 0 50 20 -20 0 0 0 5 -20 5 20 -30 0 -30 -1
-0.1692501324854266: -20 -20 0 0 -20 0 0 0 50 20 -20 0 0 0 5 -20 5 20 -30 0 -30 -1
-0.19561473237943827: -10 -5 0 0 0 0 0 2 30 20 2 -50 20 10 0 -2 -5 5 -20 0 -30 -1
-0.19561473237943827: -10 -5 0 0 0 0 0 2 30 20 2 -50 20 10 0 -2 -5 5 -20 0 -30 -1
-0.20455749867514572: -10 0 50 0 -5 -2 0 0 50 5 -5 -50 30 20 2 0 -10 5 -30 5 -50 -1
-0.20455749867514572: -10 0 50 0 -5 -2 0 0 50 5 -5 -50 30 20 2 0 -10 5 -30 5 -50 -1
-0.20455749867514572: -10 0 50 0 -5 -2 0 0 50 5 -5 -50 30 20 2 0 -10 5 -30 5 -50 -1
-0.20455749867514572: -10 0 50 0 -5 -2 0 0 50 5 -5 -50 30 20 2 0 -10 5 -30 5 -50 -1
-0.20455749867514572: -10 0 50 0 -5 -2 0 0 50 5 -5 -50 30 20 2 0 -10 5 -30 5 -50 -1
-0.20455749867514572: -10 0 50 0 -5 -2 0 0 50 5 -5 -50 30 20 2 0 -10 5 -30 5 -50 -1
