TrainingAccuracy: 0.896
TestAccuracy: 0.8198122329309754
infeasible
infeasible
infeasible
infeasible
infeasible
infeasible
no_sol
no_sol
no_sol
0.21046195896495296: 0 -50 0 0 0 0 0 -50 0 -50 0 0 0 -30 0 0 0 0 0 0 30 0 0 0 -10 0 30 0 0 0 0 0 0 -20 0 5 -1
0.21046195896495296: 0 -50 0 0 0 0 0 -50 0 -50 0 0 0 -30 0 0 0 0 0 0 30 0 0 0 -10 0 30 0 0 0 0 0 0 -20 0 5 -1
0.21046195896495296: 0 -50 0 0 0 0 0 -50 0 -50 0 0 0 -30 0 0 0 0 0 0 30 0 0 0 -10 0 30 0 0 0 0 0 0 -20 0 5 -1
0.21046195896495296: 0 -50 0 0 0 0 0 -50 0 -50 0 0 0 -30 0 0 0 0 0 0 30 0 0 0 -10 0 30 0 0 0 0 0 0 -20 0 5 -1
0.1624678570786355: 0 -50 0 0 0 0 0 -50 0 -30 0 5 0 -50 10 0 0 -30 0 0 50 0 0 0 -50 -30 0 0 0 10 0 0 0 0 5 20 -1
0.12650374925824026: 0 -50 5 20 0 30 30 0 0 -30 0 0 0 -30 2 0 0 -50 0 0 30 0 0 0 0 0 20 0 0 0 0 0 -1 0 50 30 -50
0.12049774325223428: 0 -50 5 20 0 30 30 0 -20 -30 0 0 0 -30 2 0 0 -50 0 0 30 0 0 0 0 0 20 0 0 0 0 0 -1 0 50 30 -50
0.11148873424322528: 0 -50 5 20 0 30 30 0 -20 -30 0 0 0 -30 2 0 0 -50 0 -50 30 0 0 0 0 0 20 0 0 0 0 0 -1 0 50 30 -50
0.10848573124022226: 0 -50 5 20 0 30 30 0 -5 -30 0 0 0 -30 10 0 0 -50 0 -50 30 0 0 0 0 0 20 0 0 0 0 -20 -1 0 50 20 -50
0.10548272823721927: 0 -50 2 20 0 30 30 0 -10 -30 0 0 -20 -30 20 0 0 -50 0 -50 30 0 0 0 0 -5 20 0 0 -1 0 0 0 0 50 30 -50
0.10247972523421625: 0 -50 2 20 0 30 30 0 -10 -30 0 0 -20 -50 20 0 0 -50 0 -50 30 0 0 0 0 -5 20 0 0 -1 0 0 0 0 50 30 -50
0.10247972523421625: 0 -50 2 20 0 30 30 0 -10 -30 0 0 -20 -50 20 0 0 -50 0 -50 30 0 0 0 0 -5 20 0 0 -1 0 0 0 0 50 30 -50
0.08453363543183903: 0 -50 0 0 -10 0 0 -50 -30 0 -5 30 5 -50 20 5 0 -20 0 -10 50 0 0 0 -30 -5 20 0 20 2 -10 0 0 0 30 5 -50
0.08449767132401861: 2 -50 0 2 0 2 0 -50 -30 -10 2 30 10 -5 20 0 0 -50 -5 -50 50 20 0 0 0 -5 30 0 0 0 0 -20 0 0 50 50 -50
0.07561453669238102: -1 -50 0 -2 0 0 0 -50 -30 0 0 30 10 -50 10 10 0 -20 0 0 50 30 0 10 -10 -5 20 2 10 0 -10 -5 0 0 30 5 -50
0.07561453669238102: -1 -50 0 -2 0 0 0 -50 -30 0 0 30 10 -50 10 10 0 -20 0 0 50 30 0 10 -10 -5 20 2 10 0 -10 -5 0 0 30 5 -50
0.07561453669238102: -1 -50 0 -2 0 0 0 -50 -30 0 0 30 10 -50 10 10 0 -20 0 0 50 30 0 10 -10 -5 20 2 10 0 -10 -5 0 0 30 5 -50
0.07561453669238102: -1 -50 0 -2 0 0 0 -50 -30 0 0 30 10 -50 10 10 0 -20 0 0 50 30 0 10 -10 -5 20 2 10 0 -10 -5 0 0 30 5 -50
0.06356656057254861: 1 -5 0 2 0 0 0 -50 -30 0 -5 30 5 -50 10 5 0 -30 -2 -30 30 10 0 -10 -20 -5 30 -5 0 5 -10 -5 0 5 10 5 -30
0.06356656057254861: 1 -5 0 2 0 0 0 -50 -30 0 -5 30 5 -50 10 5 0 -30 -2 -30 30 10 0 -10 -20 -5 30 -5 0 5 -10 -5 0 5 10 5 -30
0.06356656057254861: 1 -5 0 2 0 0 0 -50 -30 0 -5 30 5 -50 10 5 0 -30 -2 -30 30 10 0 -10 -20 -5 30 -5 0 5 -10 -5 0 5 10 5 -30
0.06058153962345578: 1 -10 0 2 -2 0 -2 -50 -30 0 -5 30 5 -50 10 10 0 -30 -2 -30 30 10 0 -10 -20 -2 30 -5 0 5 -10 -10 0 2 10 5 -30
0.06058153962345578: 1 -10 0 2 -2 0 -2 -50 -30 0 -5 30 5 -50 10 10 0 -30 -2 -30 30 10 0 -10 -20 -2 30 -5 0 5 -10 -10 0 2 10 5 -30
0.06058153962345578: 1 -10 0 2 -2 0 -2 -50 -30 0 -5 30 5 -50 10 10 0 -30 -2 -30 30 10 0 -10 -20 -2 30 -5 0 5 -10 -10 0 2 10 5 -30
0.06058153962345578: 1 -10 0 2 -2 0 -2 -50 -30 0 -5 30 5 -50 10 10 0 -30 -2 -30 30 10 0 -10 -20 -2 30 -5 0 5 -10 -10 0 2 10 5 -30
0.06058153962345578: 1 -10 0 2 -2 0 -2 -50 -30 0 -5 30 5 -50 10 10 0 -30 -2 -30 30 10 0 -10 -20 -2 30 -5 0 5 -10 -10 0 2 10 5 -30
0.06058153962345578: 1 -10 0 2 -2 0 -2 -50 -30 0 -5 30 5 -50 10 10 0 -30 -2 -30 30 10 0 -10 -20 -2 30 -5 0 5 -10 -10 0 2 10 5 -30
0.06058153962345578: 1 -10 0 2 -2 0 -2 -50 -30 0 -5 30 5 -50 10 10 0 -30 -2 -30 30 10 0 -10 -20 -2 30 -5 0 5 -10 -10 0 2 10 5 -30
