TrainingAccuracy: 0.84
TestAccuracy: 0.7918673268669877
infeasible
infeasible
infeasible
infeasible
no_sol
no_sol
no_sol
0.2250088606099475: 0 0 0 0 0 -20 30 0 50 20 0 30 0 0 0 0 0 0 -30 0 -50 -1
0.21982751345968846: 0 0 -50 0 0 -20 30 0 50 20 0 30 0 0 0 0 0 0 -30 0 -50 -2
0.21982751345968846: 0 0 -50 0 0 -20 30 0 50 20 0 30 0 0 0 0 0 0 -30 0 -50 -2
0.05002447216080742: -1 5 0 0 0 -1 30 1 50 0 0 -2 0 30 5 -5 0 0 0 0 0 -50
0.05002447216080742: -1 5 0 0 0 -1 30 1 50 0 0 -2 0 30 5 -5 0 0 0 0 0 -50
0.05002447216080742: -1 5 0 0 0 -1 30 1 50 0 0 -2 0 30 5 -5 0 0 0 0 0 -50
0.05002447216080742: -1 5 0 0 0 -1 30 1 50 0 0 -2 0 30 5 -5 0 0 0 0 0 -50
0.05002447216080742: -1 5 0 0 0 -1 30 1 50 0 0 -2 0 30 5 -5 0 0 0 0 0 -50
-0.027847631263607356: -10 0 0 0 -2 -30 -10 -30 30 -5 0 10 -30 30 2 -10 0 -5 0 10 5 1
-0.027847631263607356: -10 0 0 0 -2 -30 -10 -30 30 -5 0 10 -30 30 2 -10 0 -5 0 10 5 1
-0.0382103255641255: -20 -5 0 0 -2 -1 10 -5 30 -10 0 10 -10 20 0 -20 1 5 0 2 10 -20
-0.0382103255641255: -20 -5 0 0 -2 -1 10 -5 30 -10 0 10 -10 20 0 -20 1 5 0 2 10 -20
-0.0382103255641255: -20 -5 0 0 -2 -1 10 -5 30 -10 0 10 -10 20 0 -20 1 5 0 2 10 -20
-0.0382103255641255: -20 -5 0 0 -2 -1 10 -5 30 -10 0 10 -10 20 0 -20 1 5 0 2 10 -20
-0.0382103255641255: -20 -5 0 0 -2 -1 10 -5 30 -10 0 10 -10 20 0 -20 1 5 0 2 10 -20
