TrainingAccuracy: 0.846
TestAccuracy: 0.7871532252594452
infeasible
infeasible
infeasible
no_sol
-0.027994955863808332: 0 0 0 30 0 0 0 0 30 0 0 0 30 0 0 -30 0 0 0 0 0 -50
-0.027994955863808332: 0 0 0 30 0 0 0 0 30 0 0 0 30 0 0 -30 0 0 0 0 0 -50
-0.05977301387137453: -50 0 0 0 0 0 0 0 5 0 0 0 30 0 -10 -5 0 0 -10 0 0 -1
-0.10306851618327029: 1 0 0 20 0 0 0 0 30 0 0 0 50 0 0 -30 0 0 -30 0 -2 -30
-0.13526691887347625: -5 0 0 0 0 0 0 0 5 2 0 0 10 0 0 -5 2 0 -2 0 -5 -1
-0.13627574611181167: -5 0 0 0 0 0 0 0 5 2 0 0 10 0 -5 -5 2 0 -2 0 -5 -1
-0.1762925598991173: -5 0 0 0 0 0 0 -2 5 2 0 0 30 0 -20 -5 2 0 -5 0 -5 1
-0.18940731399747796: -2 2 0 0 0 0 0 0 10 0 2 0 50 0 -10 -5 2 0 -30 -5 -10 -1
-0.2230348886086591: 0 0 0 -2 0 0 0 -10 10 5 -2 5 50 20 0 0 -30 0 -20 -2 -20 1
-0.2230348886086591: 0 0 0 -2 0 0 0 -10 10 5 -2 5 50 20 0 0 -30 0 -20 -2 -20 1
-0.22404371584699453: -30 0 0 -2 0 0 0 -2 50 0 -10 20 20 50 -50 -10 5 0 -10 -30 -50 1
-0.22404371584699453: -30 0 0 -2 0 0 0 -2 50 0 -10 20 20 50 -50 -10 5 0 -10 -30 -50 1
-0.22488440521227404: -50 0 0 -2 2 0 0 -2 50 2 2 0 30 50 -10 -20 5 0 -10 -10 -50 1
-0.22488440521227404: -50 0 0 -2 2 0 0 -2 50 2 2 0 30 50 -10 -20 5 0 -10 -10 -50 1
-0.22488440521227404: -50 0 0 -2 2 0 0 -2 50 2 2 0 30 50 -10 -20 5 0 -10 -10 -50 1
-0.22488440521227404: -50 0 0 -2 2 0 0 -2 50 2 2 0 30 50 -10 -20 5 0 -10 -10 -50 1
-0.22488440521227404: -50 0 0 -2 2 0 0 -2 50 2 2 0 30 50 -10 -20 5 0 -10 -10 -50 1
-0.22488440521227404: -50 0 0 -2 2 0 0 -2 50 2 2 0 30 50 -10 -20 5 0 -10 -10 -50 1
