TrainingAccuracy: 0.88
TestAccuracy: 0.8098936402482767
infeasible
infeasible
infeasible
infeasible
infeasible
no_sol
-0.23752495009980037: 0 -50 0 0 0 0 0 0 0 -30 0 0 0 -30 0 0 0 0 0 0 50 0 0 0 0 0 50 0 0 0 0 0 -30 -30 0 0 0
-0.27640215065364765: -5 -50 0 0 0 0 0 -30 0 -50 0 0 0 -50 0 0 0 0 0 0 0 0 0 -30 0 0 50 30 0 0 0 0 0 0 0 0 0
-0.3333333333333333: 0 -20 0 0 0 0 0 -20 0 -20 0 0 0 -10 0 0 0 0 0 0 10 0 0 0 0 0 20 -1 -50 0 0 0 0 0 30 0 0
-0.35735735735735735: 0 -20 0 0 0 0 0 -20 0 -20 0 0 0 -2 0 20 0 0 0 0 2 0 0 0 0 0 20 0 -50 0 0 0 0 0 30 0 -1
-0.3963963963963964: 1 0 20 0 0 0 0 -20 0 -2 0 0 0 -20 0 0 0 -20 0 0 0 -20 0 -30 0 0 10 0 -50 0 0 0 0 0 50 0 0
-0.42042042042042044: 0 0 10 0 0 0 0 -30 0 -10 0 0 0 -10 10 0 0 -2 0 0 0 -5 0 -30 0 0 20 1 -50 0 0 0 0 0 30 0 0
-0.43243243243243246: 0 -50 0 0 0 0 0 0 0 -30 0 0 0 -30 10 10 0 0 0 0 20 0 0 -20 0 0 20 30 -50 0 0 0 -20 0 50 0 -1
-0.45949542356727985: 0 -50 2 0 0 0 0 0 0 -30 0 0 0 -30 0 0 0 -10 -2 0 50 20 0 0 -10 0 20 1 -50 0 0 0 -20 0 50 0 0
-0.47150743557929187: 1 -50 5 0 0 0 0 0 0 -30 0 0 0 -30 0 0 0 -10 -2 0 50 30 0 0 -20 0 20 0 -50 0 10 0 -20 0 50 0 0
-0.48348348348348347: 0 -30 0 0 0 0 0 -5 0 -30 0 0 -30 -50 10 10 0 0 10 0 20 0 0 -20 0 20 30 1 -50 0 0 0 -20 0 50 0 0
-0.4924924924924925: 0 -50 0 0 20 0 0 -20 0 -30 0 0 -30 -50 10 10 0 0 10 0 50 30 0 0 -30 0 20 1 -50 0 0 0 -30 0 50 0 0
-0.4954954954954955: 0 -30 0 0 10 0 0 -20 0 -30 0 0 -30 -50 10 10 0 0 10 0 50 30 0 10 -30 0 20 1 -50 0 0 0 -30 0 50 0 0
-0.4984984984984985: 5 -50 0 0 10 0 0 -20 0 -30 0 0 -30 -50 10 10 0 0 10 0 20 0 0 -20 -30 0 20 30 -50 0 30 0 -30 0 50 0 0
-0.5015015015015015: 0 -50 0 0 20 0 0 -20 0 -30 0 0 -30 -50 20 10 0 0 10 0 0 -20 0 -50 -30 0 20 50 -50 0 30 0 -30 0 50 0 2
-0.5015015015015015: 0 -50 0 0 20 0 0 -20 0 -30 0 0 -30 -50 20 10 0 0 10 0 0 -20 0 -50 -30 0 20 50 -50 0 30 0 -30 0 50 0 2
-0.5075075075075075: -1 -30 0 0 5 0 0 -20 0 -20 30 5 0 -30 20 0 0 -2 0 0 2 -20 0 -50 -30 -10 0 50 -50 10 30 0 -30 0 50 50 0
-0.5075075075075075: -1 -30 0 0 5 0 0 -20 0 -20 30 5 0 -30 20 0 0 -2 0 0 2 -20 0 -50 -30 -10 0 50 -50 10 30 0 -30 0 50 50 0
-0.5075075075075075: -1 -30 0 0 5 0 0 -20 0 -20 30 5 0 -30 20 0 0 -2 0 0 2 -20 0 -50 -30 -10 0 50 -50 10 30 0 -30 0 50 50 0
-0.5075075075075075: -1 -30 0 0 5 0 0 -20 0 -20 30 5 0 -30 20 0 0 -2 0 0 2 -20 0 -50 -30 -10 0 50 -50 10 30 0 -30 0 50 50 0
-0.5075075075075075: -1 -30 0 0 5 0 0 -20 0 -20 30 5 0 -30 20 0 0 -2 0 0 2 -20 0 -50 -30 -10 0 50 -50 10 30 0 -30 0 50 50 0
-0.5075075075075075: -1 -30 0 0 5 0 0 -20 0 -20 30 5 0 -30 20 0 0 -2 0 0 2 -20 0 -50 -30 -10 0 50 -50 10 30 0 -30 0 50 50 0
-0.5075075075075075: -1 -30 0 0 5 0 0 -20 0 -20 30 5 0 -30 20 0 0 -2 0 0 2 -20 0 -50 -30 -10 0 50 -50 10 30 0 -30 0 50 50 0
-0.5075075075075075: -1 -30 0 0 5 0 0 -20 0 -20 30 5 0 -30 20 0 0 -2 0 0 2 -20 0 -50 -30 -10 0 50 -50 10 30 0 -30 0 50 50 0
-0.5075075075075075: -1 -30 0 0 5 0 0 -20 0 -20 30 5 0 -30 20 0 0 -2 0 0 2 -20 0 -50 -30 -10 0 50 -50 10 30 0 -30 0 50 50 0
-0.5075075075075075: -1 -30 0 0 5 0 0 -20 0 -20 30 5 0 -30 20 0 0 -2 0 0 2 -20 0 -50 -30 -10 0 50 -50 10 30 0 -30 0 50 50 0
-0.5075075075075075: -1 -30 0 0 5 0 0 -20 0 -20 30 5 0 -30 20 0 0 -2 0 0 2 -20 0 -50 -30 -10 0 50 -50 10 30 0 -30 0 50 50 0
-0.5075075075075075: -1 -30 0 0 5 0 0 -20 0 -20 30 5 0 -30 20 0 0 -2 0 0 2 -20 0 -50 -30 -10 0 50 -50 10 30 0 -30 0 50 50 0
-0.5075075075075075: -1 -30 0 0 5 0 0 -20 0 -20 30 5 0 -30 20 0 0 -2 0 0 2 -20 0 -50 -30 -10 0 50 -50 10 30 0 -30 0 50 50 0
-0.5075075075075075: -1 -30 0 0 5 0 0 -20 0 -20 30 5 0 -30 20 0 0 -2 0 0 2 -20 0 -50 -30 -10 0 50 -50 10 30 0 -30 0 50 50 0
-0.5075075075075075: -1 -30 0 0 5 0 0 -20 0 -20 30 5 0 -30 20 0 0 -2 0 0 2 -20 0 -50 -30 -10 0 50 -50 10 30 0 -30 0 50 50 0
-0.5075075075075075: -1 -30 0 0 5 0 0 -20 0 -20 30 5 0 -30 20 0 0 -2 0 0 2 -20 0 -50 -30 -10 0 50 -50 10 30 0 -30 0 50 50 0
