TrainingAccuracy: 0.9
TestAccuracy: 0.8140731730139422
no_sol
no_sol
no_sol
no_sol
no_sol
no_sol
no_sol
no_sol
no_sol
no_sol
no_sol
no_sol
no_sol
no_sol
no_sol
no_sol
0.17623762376237628: 0 -20 0 0 0 0 10 0 0 0 0 10 30 0 20 -10 0 -10 5 0 50 -50 -50 0 -50 0 0 -50 0 -2 0 0 0 0 20 10 -10
0.17623762376237628: 0 -20 0 0 0 0 10 0 0 0 0 10 30 0 20 -10 0 -10 5 0 50 -50 -50 0 -50 0 0 -50 0 -2 0 0 0 0 20 10 -10
-0.2561056105610561: -5 -30 0 10 0 0 20 -30 -30 0 0 20 50 -20 30 -30 0 0 0 0 50 0 0 -50 -30 0 0 0 0 0 0 0 -30 -30 50 10 -30
-0.6785478547854786: -5 -50 0 0 0 20 50 0 50 0 0 20 0 -30 30 -50 0 0 0 -30 30 0 0 -50 -50 0 20 -2 -50 0 0 0 0 0 50 20 -50
-0.6785478547854786: -5 -50 0 0 0 20 50 0 50 0 0 20 0 -30 30 -50 0 0 0 -30 30 0 0 -50 -50 0 20 -2 -50 0 0 0 0 0 50 20 -50
-0.737953795379538: 0 5 -1 1 0 0 10 -50 30 -2 0 30 10 -20 30 -20 0 5 0 -2 50 20 0 -50 -50 0 0 0 -30 0 -5 0 0 0 20 0 -50
-0.7577557755775578: 0 -20 -5 2 0 0 10 -50 30 -2 0 50 30 -20 30 -20 0 5 0 0 50 5 -30 -10 -50 0 20 -1 -50 0 0 0 0 0 20 0 -50
-0.7577557755775578: 0 -20 -5 2 0 0 10 -50 30 -2 0 50 30 -20 30 -20 0 5 0 0 50 5 -30 -10 -50 0 20 -1 -50 0 0 0 0 0 20 0 -50
-0.7577557755775578: 0 -20 -5 2 0 0 10 -50 30 -2 0 50 30 -20 30 -20 0 5 0 0 50 5 -30 -10 -50 0 20 -1 -50 0 0 0 0 0 20 0 -50
-0.7676567656765677: 0 10 -1 1 1 0 5 -50 50 -2 -2 30 0 -10 20 -5 0 2 0 -20 50 30 0 -30 -50 0 5 0 -30 0 -10 0 0 -5 30 2 -50
-0.7676567656765677: 0 10 -1 1 1 0 5 -50 50 -2 -2 30 0 -10 20 -5 0 2 0 -20 50 30 0 -30 -50 0 5 0 -30 0 -10 0 0 -5 30 2 -50
-0.7676567656765677: 0 10 -1 1 1 0 5 -50 50 -2 -2 30 0 -10 20 -5 0 2 0 -20 50 30 0 -30 -50 0 5 0 -30 0 -10 0 0 -5 30 2 -50
-0.900990099009901: -30 -20 0 2 2 5 20 -30 50 0 0 30 30 -20 10 -20 0 2 0 -30 50 2 0 5 -50 0 20 20 -50 0 2 2 2 0 20 20 -50
-0.900990099009901: -30 -20 0 2 2 5 20 -30 50 0 0 30 30 -20 10 -20 0 2 0 -30 50 2 0 5 -50 0 20 20 -50 0 2 2 2 0 20 20 -50
-0.900990099009901: -30 -20 0 2 2 5 20 -30 50 0 0 30 30 -20 10 -20 0 2 0 -30 50 2 0 5 -50 0 20 20 -50 0 2 2 2 0 20 20 -50
-0.900990099009901: -30 -20 0 2 2 5 20 -30 50 0 0 30 30 -20 10 -20 0 2 0 -30 50 2 0 5 -50 0 20 20 -50 0 2 2 2 0 20 20 -50
-0.900990099009901: -30 -20 0 2 2 5 20 -30 50 0 0 30 30 -20 10 -20 0 2 0 -30 50 2 0 5 -50 0 20 20 -50 0 2 2 2 0 20 20 -50
-0.900990099009901: -30 -20 0 2 2 5 20 -30 50 0 0 30 30 -20 10 -20 0 2 0 -30 50 2 0 5 -50 0 20 20 -50 0 2 2 2 0 20 20 -50
-0.900990099009901: -30 -20 0 2 2 5 20 -30 50 0 0 30 30 -20 10 -20 0 2 0 -30 50 2 0 5 -50 0 20 20 -50 0 2 2 2 0 20 20 -50
-0.900990099009901: -30 -20 0 2 2 5 20 -30 50 0 0 30 30 -20 10 -20 0 2 0 -30 50 2 0 5 -50 0 20 20 -50 0 2 2 2 0 20 20 -50
-0.900990099009901: -30 -20 0 2 2 5 20 -30 50 0 0 30 30 -20 10 -20 0 2 0 -30 50 2 0 5 -50 0 20 20 -50 0 2 2 2 0 20 20 -50
