TrainingAccuracy: 0.884
TestAccuracy: 0.805776488568666
infeasible
infeasible
infeasible
infeasible
infeasible
-0.2905307567171383: 0 0 0 0 0 0 0 0 0 -20 0 0 0 -50 0 0 0 0 0 0 2 0 0 0 0 0 0 0 -20 0 0 0 0 0 30 0 -1
-0.31722054380664655: 0 0 0 0 0 0 0 0 0 -50 0 0 0 -50 0 0 0 0 0 0 0 0 0 -30 0 0 0 10 -50 0 0 -50 0 0 50 0 0
-0.4169184290030212: 0 0 0 10 0 10 0 0 0 -20 0 0 0 -50 0 0 0 0 0 0 0 0 0 -20 0 0 0 5 -50 0 0 0 0 0 20 0 0
-0.4169184290030212: 0 0 0 10 0 10 0 0 0 -20 0 0 0 -50 0 0 0 0 0 0 0 0 0 -20 0 0 0 5 -50 0 0 0 0 0 20 0 0
-0.45317220543806647: 0 0 0 2 0 2 0 0 0 -5 0 0 0 -20 0 0 0 0 0 0 0 0 0 -10 0 0 5 2 -30 0 0 -5 0 0 10 0 0
-0.459214501510574: 0 0 0 20 0 10 0 0 0 -30 0 0 0 -50 0 0 0 0 0 0 0 -20 0 -20 0 0 30 0 -50 0 0 -20 0 0 30 0 1
-0.4773413897280967: 0 0 0 20 0 20 30 0 0 -30 0 0 0 -50 0 0 0 0 0 0 0 -30 0 -30 0 0 0 1 -50 0 0 -50 0 0 30 50 0
-0.48942598187311176: 1 0 0 20 0 20 30 0 0 -30 0 0 0 -50 0 0 0 0 0 0 0 -50 0 -50 0 0 20 0 -50 0 0 -50 0 0 30 50 0
-0.5196374622356495: 0 0 10 10 0 20 20 0 0 -20 0 0 0 -50 0 0 0 0 0 0 0 -20 0 -30 0 -10 0 1 -50 0 0 -50 0 0 30 30 0
-0.525679758308157: 0 0 10 10 0 0 0 -20 -20 -20 0 0 0 -50 0 0 0 0 0 -20 0 -20 0 -30 0 -10 0 1 -50 0 0 0 20 0 30 30 0
-0.525679758308157: 0 0 10 10 0 0 0 -20 -20 -20 0 0 0 -50 0 0 0 0 0 -20 0 -20 0 -30 0 -10 0 1 -50 0 0 0 20 0 30 30 0
-0.525679758308157: 0 0 10 10 0 0 0 -20 -20 -20 0 0 0 -50 0 0 0 0 0 -20 0 -20 0 -30 0 -10 0 1 -50 0 0 0 20 0 30 30 0
-0.525679758308157: 0 0 10 10 0 0 0 -20 -20 -20 0 0 0 -50 0 0 0 0 0 -20 0 -20 0 -30 0 -10 0 1 -50 0 0 0 20 0 30 30 0
-0.5317220543806647: 0 0 5 2 10 5 2 0 2 -5 -5 0 0 -10 0 0 0 0 0 -30 0 -30 0 -10 0 0 10 0 -50 0 0 -30 0 -5 30 10 -1
-0.5377643504531722: 0 0 5 2 0 2 0 0 0 -5 -5 0 20 -10 0 0 0 0 0 -30 0 -20 0 -10 2 -2 5 5 -50 0 0 -30 0 -5 30 10 -1
-0.5377643504531722: 0 0 5 2 0 2 0 0 0 -5 -5 0 20 -10 0 0 0 0 0 -30 0 -20 0 -10 2 -2 5 5 -50 0 0 -30 0 -5 30 10 -1
-0.5377643504531722: 0 0 5 2 0 2 0 0 0 -5 -5 0 20 -10 0 0 0 0 0 -30 0 -20 0 -10 2 -2 5 5 -50 0 0 -30 0 -5 30 10 -1
-0.5377643504531722: 0 0 5 2 0 2 0 0 0 -5 -5 0 20 -10 0 0 0 0 0 -30 0 -20 0 -10 2 -2 5 5 -50 0 0 -30 0 -5 30 10 -1
-0.5377643504531722: 0 0 5 2 0 2 0 0 0 -5 -5 0 20 -10 0 0 0 0 0 -30 0 -20 0 -10 2 -2 5 5 -50 0 0 -30 0 -5 30 10 -1
-0.5377643504531722: 0 0 5 2 0 2 0 0 0 -5 -5 0 20 -10 0 0 0 0 0 -30 0 -20 0 -10 2 -2 5 5 -50 0 0 -30 0 -5 30 10 -1
-0.5377643504531722: 0 0 5 2 0 2 0 0 0 -5 -5 0 20 -10 0 0 0 0 0 -30 0 -20 0 -10 2 -2 5 5 -50 0 0 -30 0 -5 30 10 -1
-0.5377643504531722: 0 0 5 2 0 2 0 0 0 -5 -5 0 20 -10 0 0 0 0 0 -30 0 -20 0 -10 2 -2 5 5 -50 0 0 -30 0 -5 30 10 -1
-0.5377643504531722: 0 0 5 2 0 2 0 0 0 -5 -5 0 20 -10 0 0 0 0 0 -30 0 -20 0 -10 2 -2 5 5 -50 0 0 -30 0 -5 30 10 -1
-0.5377643504531722: 0 0 5 2 0 2 0 0 0 -5 -5 0 20 -10 0 0 0 0 0 -30 0 -20 0 -10 2 -2 5 5 -50 0 0 -30 0 -5 30 10 -1
-0.5377643504531722: 0 0 5 2 0 2 0 0 0 -5 -5 0 20 -10 0 0 0 0 0 -30 0 -20 0 -10 2 -2 5 5 -50 0 0 -30 0 -5 30 10 -1
-0.5377643504531722: 0 0 5 2 0 2 0 0 0 -5 -5 0 20 -10 0 0 0 0 0 -30 0 -20 0 -10 2 -2 5 5 -50 0 0 -30 0 -5 30 10 -1
-0.5377643504531722: 0 0 5 2 0 2 0 0 0 -5 -5 0 20 -10 0 0 0 0 0 -30 0 -20 0 -10 2 -2 5 5 -50 0 0 -30 0 -5 30 10 -1
-0.5377643504531722: 0 0 5 2 0 2 0 0 0 -5 -5 0 20 -10 0 0 0 0 0 -30 0 -20 0 -10 2 -2 5 5 -50 0 0 -30 0 -5 30 10 -1
-0.5377643504531722: 0 0 5 2 0 2 0 0 0 -5 -5 0 20 -10 0 0 0 0 0 -30 0 -20 0 -10 2 -2 5 5 -50 0 0 -30 0 -5 30 10 -1
-0.5377643504531722: 0 0 5 2 0 2 0 0 0 -5 -5 0 20 -10 0 0 0 0 0 -30 0 -20 0 -10 2 -2 5 5 -50 0 0 -30 0 -5 30 10 -1
-0.5377643504531722: 0 0 5 2 0 2 0 0 0 -5 -5 0 20 -10 0 0 0 0 0 -30 0 -20 0 -10 2 -2 5 5 -50 0 0 -30 0 -5 30 10 -1
-0.5377643504531722: 0 0 5 2 0 2 0 0 0 -5 -5 0 20 -10 0 0 0 0 0 -30 0 -20 0 -10 2 -2 5 5 -50 0 0 -30 0 -5 30 10 -1
