TrainingAccuracy: 0.826
TestAccuracy: 0.7834226412534763
infeasible
infeasible
infeasible
no_sol
no_sol
no_sol
-0.06838323550206352: 0 0 0 -20 -20 0 0 0 0 30 0 30 20 0 0 0 0 0 0 0 30 -50
-0.06838323550206352: 0 0 0 -20 -20 0 0 0 0 30 0 30 20 0 0 0 0 0 0 0 30 -50
-0.09169831795984806: 0 0 0 -5 -20 0 0 1 0 30 0 10 20 0 10 0 0 0 0 0 30 -50
-0.13293543136190994: 0 5 0 0 -30 -10 0 -2 0 50 0 0 50 0 0 -5 -30 0 0 0 50 -50
-0.13772012035712525: 10 20 0 0 -10 -2 0 2 5 20 0 0 30 0 0 0 0 -5 0 0 30 -50
-0.20005261513671715: 0 2 -20 -10 -20 0 0 1 0 30 0 0 30 -10 0 -5 0 0 -5 0 50 -50
-0.20005261513671715: 0 2 -20 -10 -20 0 0 1 0 30 0 0 30 -10 0 -5 0 0 -5 0 50 -50
-0.21245005672569428: 1 1 -1 -10 -5 0 0 0 5 20 0 10 30 -10 0 -2 0 0 -20 0 50 -50
-0.22275933507620974: 2 0 0 -10 -5 2 0 0 5 20 -1 10 30 -5 2 -5 0 0 -20 0 50 -50
-0.22275933507620974: 2 0 0 -10 -5 2 0 0 5 20 -1 10 30 -5 2 -5 0 0 -20 0 50 -50
-0.23172035054834839: 2 2 -30 -10 -5 2 0 0 5 20 -5 10 30 -1 2 -10 0 0 -10 0 50 -50
-0.23441687630510202: 2 2 -30 -10 -5 2 0 0 5 20 -5 10 30 -2 2 -10 0 0 -10 -1 50 -50
-0.23441687630510202: 2 2 -30 -10 -5 2 0 0 5 20 -5 10 30 -2 2 -10 0 0 -10 -1 50 -50
-0.2605600223614331: 2 2 -50 -5 -5 2 0 -1 10 20 -5 10 30 -10 2 -10 0 0 -20 0 50 -50
-0.2605600223614331: 2 2 -50 -5 -5 2 0 -1 10 20 -5 10 30 -10 2 -10 0 0 -20 0 50 -50
-0.2605600223614331: 2 2 -50 -5 -5 2 0 -1 10 20 -5 10 30 -10 2 -10 0 0 -20 0 50 -50
