TrainingAccuracy: 0.826
TestAccuracy: 0.7834226412534763
infeasible
infeasible
infeasible
infeasible
no_sol
no_sol
0.0012660517272562871: 0 0 0 0 -2 -5 0 -1 50 0 0 30 0 2 0 0 0 0 0 0 0 -50
-0.06780775744421974: 0 0 0 0 0 2 0 -2 50 0 0 20 0 20 0 0 -10 0 0 0 -10 -50
-0.0752889721961887: 0 0 0 0 0 2 0 -2 50 0 0 30 0 10 0 0 -10 0 0 5 -5 -50
-0.11713444811654253: 0 0 0 0 0 2 0 -2 50 50 0 10 0 30 30 0 -50 0 0 0 -50 -50
-0.14510268172774954: 0 0 0 0 0 1 0 -1 30 50 0 10 0 10 30 0 -30 0 0 -5 -50 -30
-0.14510268172774954: 0 0 0 0 0 1 0 -1 30 50 0 10 0 10 30 0 -30 0 0 -5 -50 -30
-0.16154491195185716: -5 0 0 0 0 10 0 -2 30 50 5 0 -5 50 30 0 -30 0 0 -20 -50 -30
-0.16424143770861077: 2 0 0 0 -2 5 0 -1 30 50 2 0 0 50 30 0 -30 0 -5 -20 -50 -30
-0.1806836679327184: 0 -10 0 0 0 1 0 -1 30 30 2 30 -10 30 30 0 -30 5 0 -5 -50 -30
-0.1806836679327184: 0 -10 0 0 0 1 0 -1 30 30 2 30 -10 30 30 0 -30 5 0 -5 -50 -30
-0.190253045923149: 5 -10 0 0 0 2 0 -1 30 30 10 20 -5 30 30 0 -30 20 -5 -20 -50 -30
-0.20043078643187162: -20 0 -50 0 0 2 0 -20 20 50 5 0 -10 50 10 0 -50 20 -2 -5 -50 -1
-0.20043078643187162: -20 0 -50 0 0 2 0 -20 20 50 5 0 -10 50 10 0 -50 20 -2 -5 -50 -1
-0.20043078643187162: -20 0 -50 0 0 2 0 -20 20 50 5 0 -10 50 10 0 -50 20 -2 -5 -50 -1
-0.20043078643187162: -20 0 -50 0 0 2 0 -20 20 50 5 0 -10 50 10 0 -50 20 -2 -5 -50 -1
-0.20043078643187162: -20 0 -50 0 0 2 0 -20 20 50 5 0 -10 50 10 0 -50 20 -2 -5 -50 -1
