TrainingAccuracy: 0.87
TestAccuracy: 0.812295312061383
infeasible
infeasible
infeasible
infeasible
infeasible
infeasible
no_sol
0.27227873219042176: 0 0 0 0 0 0 0 0 0 -5 0 0 0 -50 0 0 0 0 0 -50 2 0 0 0 0 0 0 0 -2 0 0 -5 0 0 5 0 -1
0.12422460179838754: -1 0 0 2 0 0 0 0 0 -30 0 0 0 -50 0 0 0 0 0 0 50 0 0 0 0 0 0 -50 -30 20 0 0 0 0 30 0 0
0.11818230572587998: -1 0 0 2 0 0 0 0 0 -30 0 0 0 -50 0 0 0 0 0 -50 50 0 0 0 0 0 0 -50 -30 20 0 0 0 0 30 0 0
0.11793203310749209: -1 0 0 2 0 0 0 -50 0 -30 0 0 0 -50 0 0 0 -10 0 0 50 0 0 0 0 0 0 -50 -30 20 0 0 0 0 30 0 0
0.11503602138043223: -1 0 0 2 0 0 0 -50 0 -30 0 -2 0 -50 2 0 0 0 0 0 50 0 0 0 0 0 0 -50 -30 20 0 0 0 0 30 0 0
0.11503602138043223: -1 0 0 2 0 0 0 -50 0 -30 0 -2 0 -50 2 0 0 0 0 0 50 0 0 0 0 0 0 -50 -30 20 0 0 0 0 30 0 0
0.05296841202023633: 0 0 0 0 -5 5 0 0 0 -20 0 0 0 -30 0 0 0 0 0 -50 2 -30 -30 -30 -5 0 0 0 20 0 20 -10 0 0 30 0 0
0.03748726291138563: 0 -10 0 0 -5 5 0 0 0 -20 -20 0 0 -30 0 0 0 0 0 0 2 -30 -30 -30 -5 0 0 0 20 0 20 -10 0 0 30 0 0
0.029049500348593993: 0 0 5 2 0 0 0 10 0 -50 -20 -20 0 -30 5 0 0 -2 0 -50 50 0 0 0 0 0 0 -30 0 0 0 -50 0 0 30 20 -1
0.023257476894474355: 0 0 5 2 0 0 -5 2 0 -10 0 0 5 -5 2 5 0 -2 0 0 0 -30 0 -30 0 0 0 0 10 0 0 -10 0 0 30 10 -1
0.005130588676951681: 0 -30 0 -2 0 0 0 -10 0 -30 0 0 5 -50 2 0 0 0 5 0 50 0 0 0 -5 0 20 -50 -10 0 20 -30 0 0 50 20 -1
0.004630043440175896: 0 -30 0 -2 0 0 0 -50 20 -30 0 0 5 -50 2 10 0 2 5 0 50 0 0 0 -5 0 0 -50 -10 0 20 -30 0 0 50 0 -1
-0.0035574465042277903: 0 -30 2 0 0 2 0 0 20 -30 -5 0 0 -50 0 0 0 5 5 0 50 0 10 0 -10 0 20 -50 -10 0 20 -30 0 0 50 20 -1
-0.0035574465042277903: 0 -30 2 0 0 2 0 0 20 -30 -5 0 0 -50 0 0 0 5 5 0 50 0 10 0 -10 0 20 -50 -10 0 20 -30 0 0 50 20 -1
-0.012746026922183101: 0 -20 0 2 -5 0 -5 2 20 -30 -2 0 2 -50 0 0 0 5 5 0 50 0 0 5 0 0 10 -50 -10 0 20 -30 0 0 50 20 -1
-0.012746026922183101: 0 -20 0 2 -5 0 -5 2 20 -30 -2 0 2 -50 0 0 0 5 5 0 50 0 0 5 0 0 10 -50 -10 0 20 -30 0 0 50 20 -1
-0.012746026922183101: 0 -20 0 2 -5 0 -5 2 20 -30 -2 0 2 -50 0 0 0 5 5 0 50 0 0 5 0 0 10 -50 -10 0 20 -30 0 0 50 20 -1
-0.012996299540570966: -1 -10 5 10 0 2 0 0 20 -30 -20 -10 0 -50 0 2 0 5 2 -50 0 -50 0 -50 0 0 10 -5 20 5 30 -20 0 -5 50 20 0
-0.012996299540570966: -1 -10 5 10 0 2 0 0 20 -30 -20 -10 0 -50 0 2 0 5 2 -50 0 -50 0 -50 0 0 10 -5 20 5 30 -20 0 -5 50 20 0
-0.012996299540570966: -1 -10 5 10 0 2 0 0 20 -30 -20 -10 0 -50 0 2 0 5 2 -50 0 -50 0 -50 0 0 10 -5 20 5 30 -20 0 -5 50 20 0
-0.012996299540570966: -1 -10 5 10 0 2 0 0 20 -30 -20 -10 0 -50 0 2 0 5 2 -50 0 -50 0 -50 0 0 10 -5 20 5 30 -20 0 -5 50 20 0
-0.012996299540570966: -1 -10 5 10 0 2 0 0 20 -30 -20 -10 0 -50 0 2 0 5 2 -50 0 -50 0 -50 0 0 10 -5 20 5 30 -20 0 -5 50 20 0
-0.013121435849764912: -1 -20 -10 2 -10 0 -10 5 20 -30 -5 0 2 -50 0 20 0 10 10 -50 50 2 1 -20 0 0 10 -50 -10 0 20 -30 -10 -2 50 30 10
-0.021934607340138357: 0 -10 0 10 -5 0 -10 2 20 -30 -10 -5 2 -50 0 20 0 10 10 -50 50 10 10 5 0 0 2 -50 -20 0 20 -30 0 0 50 20 -1
-0.024580346448810325: 0 -20 -5 2 -10 0 -5 2 20 -30 -10 5 10 -50 -2 20 0 10 5 -50 50 -2 50 0 0 0 10 -50 -20 0 30 -30 0 0 50 30 -1
-0.024580346448810325: 0 -20 -5 2 -10 0 -5 2 20 -30 -10 5 10 -50 -2 20 0 10 5 -50 50 -2 50 0 0 0 10 -50 -20 0 30 -30 0 0 50 30 -1
-0.024580346448810325: 0 -20 -5 2 -10 0 -5 2 20 -30 -10 5 10 -50 -2 20 0 10 5 -50 50 -2 50 0 0 0 10 -50 -20 0 30 -30 0 0 50 30 -1
-0.024580346448810325: 0 -20 -5 2 -10 0 -5 2 20 -30 -10 5 10 -50 -2 20 0 10 5 -50 50 -2 50 0 0 0 10 -50 -20 0 30 -30 0 0 50 30 -1
-0.024580346448810325: 0 -20 -5 2 -10 0 -5 2 20 -30 -10 5 10 -50 -2 20 0 10 5 -50 50 -2 50 0 0 0 10 -50 -20 0 30 -30 0 0 50 30 -1
-0.024580346448810325: 0 -20 -5 2 -10 0 -5 2 20 -30 -10 5 10 -50 -2 20 0 10 5 -50 50 -2 50 0 0 0 10 -50 -20 0 30 -30 0 0 50 30 -1
