TrainingAccuracy: 0.894
TestAccuracy: 0.8051838682511463
infeasible
no_sol
no_sol
no_sol
no_sol
no_sol
no_sol
no_sol
no_sol
-0.15681818181818186: 0 -50 0 0 0 0 0 -30 0 -30 0 0 0 -30 20 0 0 0 0 0 50 0 0 0 -50 -30 0 0 0 0 0 0 0 0 0 50 1
-0.15681818181818186: 0 -50 0 0 0 0 0 -30 0 -30 0 0 0 -30 20 0 0 0 0 0 50 0 0 0 -50 -30 0 0 0 0 0 0 0 0 0 50 1
-0.15681818181818186: 0 -50 0 0 0 0 0 -30 0 -30 0 0 0 -30 20 0 0 0 0 0 50 0 0 0 -50 -30 0 0 0 0 0 0 0 0 0 50 1
-0.15681818181818186: 0 -50 0 0 0 0 0 -30 0 -30 0 0 0 -30 20 0 0 0 0 0 50 0 0 0 -50 -30 0 0 0 0 0 0 0 0 0 50 1
-0.22045454545454546: 0 -50 0 0 0 0 0 -50 0 -30 0 5 0 -50 10 0 0 -30 0 0 50 0 0 0 -50 -30 0 0 0 10 0 0 0 0 5 20 -1
-0.2920454545454545: 0 -50 5 20 0 30 30 0 0 -30 0 0 0 -30 2 0 0 -50 0 0 30 0 0 0 0 0 20 0 0 0 0 0 -1 0 50 30 -50
-0.30113636363636365: 0 -50 5 20 0 30 30 0 -20 -30 0 0 0 -30 2 0 0 -50 0 0 30 0 0 0 0 0 20 0 0 0 0 0 -1 0 50 30 -50
-0.30113636363636365: 0 -50 5 20 0 30 30 0 -20 -30 0 0 0 -30 2 0 0 -50 0 0 30 0 0 0 0 0 20 0 0 0 0 0 -1 0 50 30 -50
-0.31931818181818183: 0 -50 5 20 0 30 30 0 -5 -30 0 0 0 -30 10 0 0 -50 0 -50 30 0 0 0 0 0 20 0 0 0 0 -20 -1 0 50 20 -50
-0.31931818181818183: 0 -50 5 20 0 30 30 0 -5 -30 0 0 0 -30 10 0 0 -50 0 -50 30 0 0 0 0 0 20 0 0 0 0 -20 -1 0 50 20 -50
-0.3284090909090909: 0 -50 2 20 0 30 30 0 -10 -30 0 0 -20 -50 20 0 0 -50 0 -50 30 0 -50 0 0 -5 20 0 0 -1 0 0 0 0 50 30 -50
-0.3284090909090909: 0 -50 2 20 0 30 30 0 -10 -30 0 0 -20 -50 20 0 0 -50 0 -50 30 0 -50 0 0 -5 20 0 0 -1 0 0 0 0 50 30 -50
-0.3284090909090909: 0 -50 2 20 0 30 30 0 -10 -30 0 0 -20 -50 20 0 0 -50 0 -50 30 0 -50 0 0 -5 20 0 0 -1 0 0 0 0 50 30 -50
-0.3556818181818182: 2 -50 0 2 0 2 0 -50 -30 -10 2 30 10 -5 20 0 0 -50 -5 -50 50 0 0 0 0 -5 30 0 0 0 0 -20 0 0 50 50 -50
-0.3556818181818182: 2 -50 0 2 0 2 0 -50 -30 -10 2 30 10 -5 20 0 0 -50 -5 -50 50 0 0 0 0 -5 30 0 0 0 0 -20 0 0 50 50 -50
-0.3556818181818182: 2 -50 0 2 0 2 0 -50 -30 -10 2 30 10 -5 20 0 0 -50 -5 -50 50 0 0 0 0 -5 30 0 0 0 0 -20 0 0 50 50 -50
-0.3556818181818182: 2 -50 0 2 0 2 0 -50 -30 -10 2 30 10 -5 20 0 0 -50 -5 -50 50 0 0 0 0 -5 30 0 0 0 0 -20 0 0 50 50 -50
-0.3556818181818182: 2 -50 0 2 0 2 0 -50 -30 -10 2 30 10 -5 20 0 0 -50 -5 -50 50 0 0 0 0 -5 30 0 0 0 0 -20 0 0 50 50 -50
-0.4: 1 -5 0 2 0 0 0 -50 -30 0 -5 30 5 -50 10 5 0 -30 -2 -30 30 0 -50 -10 -20 -5 30 -5 0 5 0 -5 0 5 10 5 -30
-0.4: 1 -5 0 2 0 0 0 -50 -30 0 -5 30 5 -50 10 5 0 -30 -2 -30 30 0 -50 -10 -20 -5 30 -5 0 5 0 -5 0 5 10 5 -30
-0.4: 1 -5 0 2 0 0 0 -50 -30 0 -5 30 5 -50 10 5 0 -30 -2 -30 30 0 -50 -10 -20 -5 30 -5 0 5 0 -5 0 5 10 5 -30
-0.4: 1 -5 0 2 0 0 0 -50 -30 0 -5 30 5 -50 10 5 0 -30 -2 -30 30 0 -50 -10 -20 -5 30 -5 0 5 0 -5 0 5 10 5 -30
-0.4: 1 -5 0 2 0 0 0 -50 -30 0 -5 30 5 -50 10 5 0 -30 -2 -30 30 0 -50 -10 -20 -5 30 -5 0 5 0 -5 0 5 10 5 -30
-0.4: 1 -5 0 2 0 0 0 -50 -30 0 -5 30 5 -50 10 5 0 -30 -2 -30 30 0 -50 -10 -20 -5 30 -5 0 5 0 -5 0 5 10 5 -30
-0.4: 1 -5 0 2 0 0 0 -50 -30 0 -5 30 5 -50 10 5 0 -30 -2 -30 30 0 -50 -10 -20 -5 30 -5 0 5 0 -5 0 5 10 5 -30
-0.4: 1 -5 0 2 0 0 0 -50 -30 0 -5 30 5 -50 10 5 0 -30 -2 -30 30 0 -50 -10 -20 -5 30 -5 0 5 0 -5 0 5 10 5 -30
-0.4: 1 -5 0 2 0 0 0 -50 -30 0 -5 30 5 -50 10 5 0 -30 -2 -30 30 0 -50 -10 -20 -5 30 -5 0 5 0 -5 0 5 10 5 -30
-0.4: 1 -5 0 2 0 0 0 -50 -30 0 -5 30 5 -50 10 5 0 -30 -2 -30 30 0 -50 -10 -20 -5 30 -5 0 5 0 -5 0 5 10 5 -30
