TrainingAccuracy: 0.88
TestAccuracy: 0.8098936402482767
infeasible
infeasible
infeasible
infeasible
infeasible
infeasible
infeasible
no_sol
no_sol
no_sol
no_sol
no_sol
no_sol
-0.3304202405998813: 0 -30 0 0 0 0 0 -50 0 -30 0 0 0 -30 30 30 0 0 0 0 50 0 0 0 -30 -50 0 0 -50 0 0 0 0 -30 50 50 1
-0.33635431839024654: 0 -50 0 0 0 0 0 -50 0 -30 0 0 -20 -30 10 10 0 -20 0 0 50 0 0 0 -50 -30 0 5 -50 0 0 0 0 0 50 30 0
-0.36036036036036034: 0 -50 20 0 0 0 0 -30 0 -2 0 20 0 -50 5 0 0 -20 0 0 0 -20 0 -50 0 0 10 1 -50 0 0 -5 0 -20 50 0 0
-0.3993993993993994: 0 -30 0 0 0 0 0 -2 0 -20 0 0 0 -20 10 2 0 0 0 0 10 0 0 -20 -20 -2 0 1 -50 10 20 0 0 5 30 20 0
-0.3993993993993994: 0 -30 0 0 0 0 0 -2 0 -20 0 0 0 -20 10 2 0 0 0 0 10 0 0 -20 -20 -2 0 1 -50 10 20 0 0 5 30 20 0
-0.39948930966895035: 0 -50 20 5 0 0 0 -50 0 -50 0 0 -30 -50 30 20 0 0 2 0 30 0 0 -20 -5 0 30 0 -50 0 20 -30 0 0 50 0 -1
-0.43243243243243246: 0 -50 5 0 0 0 0 -30 0 -30 0 10 0 -30 10 10 0 0 5 0 0 -30 0 -50 -10 0 10 30 -50 0 10 -30 -10 0 50 0 1
-0.44744744744744747: 0 -50 2 0 0 0 0 -5 0 -30 0 -5 -20 -30 5 20 0 0 2 0 2 -20 0 -30 -30 -5 0 50 -50 0 20 -5 -20 0 50 0 0
-0.45345345345345345: 0 -50 5 0 10 0 0 -10 0 -20 0 10 0 -30 20 10 0 0 2 0 0 -20 0 -50 -20 -5 2 50 -50 0 20 -10 -30 0 50 0 -1
-0.45345345345345345: 0 -50 5 0 10 0 0 -10 0 -20 0 10 0 -30 20 10 0 0 2 0 0 -20 0 -50 -20 -5 2 50 -50 0 20 -10 -30 0 50 0 -1
-0.45345345345345345: 0 -50 5 0 10 0 0 -10 0 -20 0 10 0 -30 20 10 0 0 2 0 0 -20 0 -50 -20 -5 2 50 -50 0 20 -10 -30 0 50 0 -1
-0.45345345345345345: 0 -50 5 0 10 0 0 -10 0 -20 0 10 0 -30 20 10 0 0 2 0 0 -20 0 -50 -20 -5 2 50 -50 0 20 -10 -30 0 50 0 -1
-0.45345345345345345: 0 -50 5 0 10 0 0 -10 0 -20 0 10 0 -30 20 10 0 0 2 0 0 -20 0 -50 -20 -5 2 50 -50 0 20 -10 -30 0 50 0 -1
-0.45345345345345345: 0 -50 5 0 10 0 0 -10 0 -20 0 10 0 -30 20 10 0 0 2 0 0 -20 0 -50 -20 -5 2 50 -50 0 20 -10 -30 0 50 0 -1
-0.45345345345345345: 0 -50 5 0 10 0 0 -10 0 -20 0 10 0 -30 20 10 0 0 2 0 0 -20 0 -50 -20 -5 2 50 -50 0 20 -10 -30 0 50 0 -1
-0.45345345345345345: 0 -50 5 0 10 0 0 -10 0 -20 0 10 0 -30 20 10 0 0 2 0 0 -20 0 -50 -20 -5 2 50 -50 0 20 -10 -30 0 50 0 -1
-0.45345345345345345: 0 -50 5 0 10 0 0 -10 0 -20 0 10 0 -30 20 10 0 0 2 0 0 -20 0 -50 -20 -5 2 50 -50 0 20 -10 -30 0 50 0 -1
-0.45345345345345345: 0 -50 5 0 10 0 0 -10 0 -20 0 10 0 -30 20 10 0 0 2 0 0 -20 0 -50 -20 -5 2 50 -50 0 20 -10 -30 0 50 0 -1
-0.45345345345345345: 0 -50 5 0 10 0 0 -10 0 -20 0 10 0 -30 20 10 0 0 2 0 0 -20 0 -50 -20 -5 2 50 -50 0 20 -10 -30 0 50 0 -1
-0.45345345345345345: 0 -50 5 0 10 0 0 -10 0 -20 0 10 0 -30 20 10 0 0 2 0 0 -20 0 -50 -20 -5 2 50 -50 0 20 -10 -30 0 50 0 -1
-0.45345345345345345: 0 -50 5 0 10 0 0 -10 0 -20 0 10 0 -30 20 10 0 0 2 0 0 -20 0 -50 -20 -5 2 50 -50 0 20 -10 -30 0 50 0 -1
-0.45345345345345345: 0 -50 5 0 10 0 0 -10 0 -20 0 10 0 -30 20 10 0 0 2 0 0 -20 0 -50 -20 -5 2 50 -50 0 20 -10 -30 0 50 0 -1
-0.45345345345345345: 0 -50 5 0 10 0 0 -10 0 -20 0 10 0 -30 20 10 0 0 2 0 0 -20 0 -50 -20 -5 2 50 -50 0 20 -10 -30 0 50 0 -1
-0.45345345345345345: 0 -50 5 0 10 0 0 -10 0 -20 0 10 0 -30 20 10 0 0 2 0 0 -20 0 -50 -20 -5 2 50 -50 0 20 -10 -30 0 50 0 -1
