TrainingAccuracy: 0.892
TestAccuracy: 0.7991952839898943
infeasible
no_sol
no_sol
no_sol
no_sol
no_sol
no_sol
no_sol
no_sol
no_sol
no_sol
no_sol
no_sol
no_sol
no_sol
no_sol
no_sol
no_sol
0.19933993399339933: 0 -30 0 0 -20 0 2 -20 -20 0 0 20 50 -5 2 -5 0 0 0 0 20 0 0 -50 -20 0 0 0 0 0 0 -2 -1 -1 30 2 -20
-0.0033003300330032292: 0 -50 -2 0 -20 0 10 -30 -20 0 0 20 20 -10 20 -10 0 0 0 0 50 2 0 0 -30 0 0 -50 -30 0 0 -10 0 0 30 2 -1
-0.013201320132013139: 0 -50 -2 0 -20 0 10 -30 -20 0 0 20 20 -10 20 -10 0 0 0 0 50 2 0 -50 -30 0 0 -50 -30 0 0 -30 0 0 30 2 -1
-0.013201320132013139: 0 -50 -2 0 -20 0 10 -30 -20 0 0 20 20 -10 20 -10 0 0 0 0 50 2 0 -50 -30 0 0 -50 -30 0 0 -30 0 0 30 2 -1
-0.18349834983498348: 0 -20 -5 0 0 2 20 0 -10 -2 2 5 0 -50 5 -30 0 0 0 -10 50 -30 -50 -50 -50 0 0 0 50 0 0 0 -50 -5 20 5 -1
-0.18349834983498348: 0 -20 -5 0 0 2 20 0 -10 -2 2 5 0 -50 5 -30 0 0 0 -10 50 -30 -50 -50 -50 0 0 0 50 0 0 0 -50 -5 20 5 -1
-0.18349834983498348: 0 -20 -5 0 0 2 20 0 -10 -2 2 5 0 -50 5 -30 0 0 0 -10 50 -30 -50 -50 -50 0 0 0 50 0 0 0 -50 -5 20 5 -1
-0.18349834983498348: 0 -20 -5 0 0 2 20 0 -10 -2 2 5 0 -50 5 -30 0 0 0 -10 50 -30 -50 -50 -50 0 0 0 50 0 0 0 -50 -5 20 5 -1
-0.18349834983498348: 0 -20 -5 0 0 2 20 0 -10 -2 2 5 0 -50 5 -30 0 0 0 -10 50 -30 -50 -50 -50 0 0 0 50 0 0 0 -50 -5 20 5 -1
-0.18349834983498348: 0 -20 -5 0 0 2 20 0 -10 -2 2 5 0 -50 5 -30 0 0 0 -10 50 -30 -50 -50 -50 0 0 0 50 0 0 0 -50 -5 20 5 -1
-0.18349834983498348: 0 -20 -5 0 0 2 20 0 -10 -2 2 5 0 -50 5 -30 0 0 0 -10 50 -30 -50 -50 -50 0 0 0 50 0 0 0 -50 -5 20 5 -1
-0.18349834983498348: 0 -20 -5 0 0 2 20 0 -10 -2 2 5 0 -50 5 -30 0 0 0 -10 50 -30 -50 -50 -50 0 0 0 50 0 0 0 -50 -5 20 5 -1
-0.18349834983498348: 0 -20 -5 0 0 2 20 0 -10 -2 2 5 0 -50 5 -30 0 0 0 -10 50 -30 -50 -50 -50 0 0 0 50 0 0 0 -50 -5 20 5 -1
-0.18349834983498348: 0 -20 -5 0 0 2 20 0 -10 -2 2 5 0 -50 5 -30 0 0 0 -10 50 -30 -50 -50 -50 0 0 0 50 0 0 0 -50 -5 20 5 -1
-0.18349834983498348: 0 -20 -5 0 0 2 20 0 -10 -2 2 5 0 -50 5 -30 0 0 0 -10 50 -30 -50 -50 -50 0 0 0 50 0 0 0 -50 -5 20 5 -1
-0.18349834983498348: 0 -20 -5 0 0 2 20 0 -10 -2 2 5 0 -50 5 -30 0 0 0 -10 50 -30 -50 -50 -50 0 0 0 50 0 0 0 -50 -5 20 5 -1
-0.18349834983498348: 0 -20 -5 0 0 2 20 0 -10 -2 2 5 0 -50 5 -30 0 0 0 -10 50 -30 -50 -50 -50 0 0 0 50 0 0 0 -50 -5 20 5 -1
-0.18349834983498348: 0 -20 -5 0 0 2 20 0 -10 -2 2 5 0 -50 5 -30 0 0 0 -10 50 -30 -50 -50 -50 0 0 0 50 0 0 0 -50 -5 20 5 -1
-0.18349834983498348: 0 -20 -5 0 0 2 20 0 -10 -2 2 5 0 -50 5 -30 0 0 0 -10 50 -30 -50 -50 -50 0 0 0 50 0 0 0 -50 -5 20 5 -1
