TrainingAccuracy: 0.892
TestAccuracy: 0.8101431645924956
infeasible
infeasible
infeasible
infeasible
infeasible
infeasible
infeasible
infeasible
infeasible
no_sol
no_sol
no_sol
no_sol
no_sol
no_sol
-0.16842105263157903: 1 -2 0 0 0 -2 0 -2 30 -10 -5 0 0 -50 0 0 0 -5 0 -30 50 0 0 0 0 10 30 0 0 0 2 0 0 0 2 0 -50
-0.2610526315789473: 1 -10 0 10 0 0 5 0 10 -5 0 20 0 -50 10 0 0 -2 0 0 50 0 0 20 -20 0 0 0 -10 0 10 0 0 0 20 0 -50
-0.3863157894736842: 1 -5 0 10 0 -5 0 0 0 -2 0 10 -2 -50 10 0 0 -2 0 -20 50 0 0 30 -30 0 0 10 0 -5 0 0 0 0 20 0 -50
-0.3863157894736842: 1 -5 0 10 0 -5 0 0 0 -2 0 10 -2 -50 10 0 0 -2 0 -20 50 0 0 30 -30 0 0 10 0 -5 0 0 0 0 20 0 -50
-0.5115789473684211: 5 -5 0 20 0 -2 0 10 5 -2 0 20 -2 -50 10 0 0 -2 0 -50 30 -2 0 0 -30 0 0 0 -20 -2 0 0 0 0 20 0 -30
-0.5115789473684211: 5 -5 0 20 0 -2 0 10 5 -2 0 20 -2 -50 10 0 0 -2 0 -50 30 -2 0 0 -30 0 0 0 -20 -2 0 0 0 0 20 0 -30
-0.5642105263157895: 1 0 5 10 0 0 2 -5 5 -2 0 30 -10 -50 20 0 0 -2 0 -50 50 0 0 0 -30 0 5 0 -20 -5 0 0 -50 -50 20 0 0
-0.5642105263157895: 1 0 5 10 0 0 2 -5 5 -2 0 30 -10 -50 20 0 0 -2 0 -50 50 0 0 0 -30 0 5 0 -20 -5 0 0 -50 -50 20 0 0
-0.5642105263157895: 1 0 5 10 0 0 2 -5 5 -2 0 30 -10 -50 20 0 0 -2 0 -50 50 0 0 0 -30 0 5 0 -20 -5 0 0 -50 -50 20 0 0
-0.5942105263157895: 50 -10 0 5 0 0 2 10 10 -2 0 20 -10 -50 20 0 0 -2 0 -50 30 0 0 -5 -50 1 5 0 -20 0 10 10 -30 -30 30 0 -50
-0.5942105263157895: 50 -10 0 5 0 0 2 10 10 -2 0 20 -10 -50 20 0 0 -2 0 -50 30 0 0 -5 -50 1 5 0 -20 0 10 10 -30 -30 30 0 -50
-0.8173684210526315: 0 -5 0 0 5 -5 5 -5 0 -30 -20 -5 -30 -50 20 0 0 2 0 -50 20 -2 0 -20 -30 0 5 20 -20 -10 0 -5 -2 -5 10 2 1
-0.8173684210526315: 0 -5 0 0 5 -5 5 -5 0 -30 -20 -5 -30 -50 20 0 0 2 0 -50 20 -2 0 -20 -30 0 5 20 -20 -10 0 -5 -2 -5 10 2 1
-0.8273684210526315: 5 -10 -5 0 0 0 10 -5 10 -30 -20 -10 -30 -50 20 0 0 2 0 -30 2 -20 0 -30 -20 5 10 20 -20 0 10 2 -2 -5 10 2 -1
-0.8573684210526316: -2 -10 -5 2 0 5 20 0 10 -20 5 20 -20 -50 20 -20 0 0 -2 -50 50 20 0 -5 -50 -5 0 30 -30 -2 20 0 -5 -20 10 2 -50
-0.8573684210526316: -2 -10 -5 2 0 5 20 0 10 -20 5 20 -20 -50 20 -20 0 0 -2 -50 50 20 0 -5 -50 -5 0 30 -30 -2 20 0 -5 -20 10 2 -50
-0.8573684210526316: -2 -10 -5 2 0 5 20 0 10 -20 5 20 -20 -50 20 -20 0 0 -2 -50 50 20 0 -5 -50 -5 0 30 -30 -2 20 0 -5 -20 10 2 -50
-0.8573684210526316: -2 -10 -5 2 0 5 20 0 10 -20 5 20 -20 -50 20 -20 0 0 -2 -50 50 20 0 -5 -50 -5 0 30 -30 -2 20 0 -5 -20 10 2 -50
-0.8573684210526316: -2 -10 -5 2 0 5 20 0 10 -20 5 20 -20 -50 20 -20 0 0 -2 -50 50 20 0 -5 -50 -5 0 30 -30 -2 20 0 -5 -20 10 2 -50
-0.8573684210526316: -2 -10 -5 2 0 5 20 0 10 -20 5 20 -20 -50 20 -20 0 0 -2 -50 50 20 0 -5 -50 -5 0 30 -30 -2 20 0 -5 -20 10 2 -50
-0.8573684210526316: -2 -10 -5 2 0 5 20 0 10 -20 5 20 -20 -50 20 -20 0 0 -2 -50 50 20 0 -5 -50 -5 0 30 -30 -2 20 0 -5 -20 10 2 -50
-0.8573684210526316: -2 -10 -5 2 0 5 20 0 10 -20 5 20 -20 -50 20 -20 0 0 -2 -50 50 20 0 -5 -50 -5 0 30 -30 -2 20 0 -5 -20 10 2 -50
