TrainingAccuracy: 0.854
TestAccuracy: 0.7854914196567863
infeasible
infeasible
infeasible
no_sol
0.027994955863808332: 0 0 0 30 0 0 0 0 30 0 0 0 30 0 0 -30 0 0 0 0 0 -50
0.027994955863808332: 0 0 0 30 0 0 0 0 30 0 0 0 30 0 0 -30 0 0 0 0 0 -50
-0.046237915090374115: 0 0 0 2 0 0 0 0 5 2 0 0 0 2 0 0 0 0 0 2 2 -10
-0.046237915090374115: 0 0 0 2 0 0 0 0 5 2 0 0 0 2 0 0 0 0 0 2 2 -10
-0.046237915090374115: 0 0 0 2 0 0 0 0 5 2 0 0 0 2 0 0 0 0 0 2 2 -10
-0.046237915090374115: 0 0 0 2 0 0 0 0 5 2 0 0 0 2 0 0 0 0 0 2 2 -10
-0.06305170239596469: -30 -30 0 2 0 2 0 0 50 2 0 0 0 5 0 -30 0 0 2 0 5 -30
-0.06860025220680958: -10 -10 0 0 0 2 0 2 30 0 0 2 2 0 0 -10 0 2 2 0 5 -30
-0.08499369482976041: -2 0 0 2 0 2 0 2 5 0 2 0 5 5 -2 0 0 0 2 2 10 -20
-0.0989491382934006: 0 5 0 10 0 2 10 2 10 0 0 2 2 5 0 -5 0 0 5 2 10 -30
-0.1003783102143758: -30 -20 0 1 -20 -50 0 -50 50 0 0 20 2 30 0 -5 0 0 -2 30 50 -50
-0.11349306431273645: -30 -10 0 2 2 -10 0 -5 30 5 0 0 5 20 0 -10 -5 0 2 20 30 -50
-0.11349306431273645: -30 -10 0 2 2 -10 0 -5 30 5 0 0 5 20 0 -10 -5 0 2 20 30 -50
-0.11349306431273645: -30 -10 0 2 2 -10 0 -5 30 5 0 0 5 20 0 -10 -5 0 2 20 30 -50
-0.12189995796553174: -30 -5 0 2 2 -30 -30 -30 30 0 0 20 20 10 -2 -10 5 2 0 10 50 -50
-0.12189995796553174: -30 -5 0 2 2 -30 -30 -30 30 0 0 20 20 10 -2 -10 5 2 0 10 50 -50
-0.12189995796553174: -30 -5 0 2 2 -30 -30 -30 30 0 0 20 20 10 -2 -10 5 2 0 10 50 -50
-0.12189995796553174: -30 -5 0 2 2 -30 -30 -30 30 0 0 20 20 10 -2 -10 5 2 0 10 50 -50
