TrainingAccuracy: 0.71
TestAccuracy: 0.6589216562406911
no_sol
no_sol
no_sol
no_sol
no_sol
no_sol
0.23515099470445117: 0 0 -20 50 -20 0 0 0 30 0 0 0 0 0 0 0 0 0 -50 0 0 0 0 0 30 50 0 0
0.16444826105624732: 0 0 -20 0 0 -20 0 0 0 0 20 0 0 0 0 0 0 0 0 50 30 0 0 0 30 0 -10 -5
0.05910977529698014: 0 20 -20 0 0 -20 0 0 0 0 20 0 20 0 0 0 0 0 0 50 0 0 0 0 30 0 -10 -5
0.019894089022470363: 0 50 -30 20 0 -30 0 0 0 0 30 0 50 0 0 0 0 0 -30 50 0 0 0 0 50 20 0 0
0.019894089022470363: 0 50 -30 20 0 -30 0 0 0 0 30 0 50 0 0 0 0 0 -30 50 0 0 0 0 50 20 0 0
0.010090167453842835: 0 50 -10 30 0 0 0 0 10 0 20 0 30 0 0 0 0 0 -50 0 0 0 -2 0 20 20 -5 1
-0.014097609846858483: 50 0 -10 0 0 -30 0 -20 20 0 30 0 50 0 -30 -1 0 0 -20 0 0 0 -20 0 30 30 0 0
-0.05581794761700298: 20 2 -10 0 0 -30 0 -20 0 0 30 0 50 0 0 0 50 0 0 10 -30 0 -20 0 30 30 0 -1
-0.12380134535566045: 0 2 -2 0 0 -30 -2 0 2 -2 2 0 30 0 0 -1 50 0 0 2 -2 0 -2 0 30 2 0 0
-0.13360526692428787: 10 20 -10 0 0 -30 -20 0 10 0 30 0 50 0 0 -2 50 0 -30 -20 -50 0 0 5 50 20 0 0
-0.14090453699728062: 30 20 -10 0 0 -30 -20 0 10 0 30 0 50 0 -20 -2 20 0 -30 -20 -50 0 0 10 50 20 0 0
-0.20724202089594956: 0 30 -50 0 -2 -30 -50 0 30 -50 20 0 0 0 -20 0 50 0 0 50 -30 0 -30 20 30 50 2 1
-0.22434521253756978: 0 30 -50 0 -5 -30 -50 0 30 -50 20 50 0 0 -20 2 50 0 0 50 -30 0 -50 0 10 50 5 20
-0.2341491341061972: 0 20 -20 0 -5 -10 -30 0 10 -30 5 20 0 0 -10 1 50 0 -30 0 -50 0 -30 -10 5 20 5 50
-0.2341491341061972: 0 20 -20 0 -5 -10 -30 0 10 -30 5 20 0 0 -10 1 50 0 -30 0 -50 0 -30 -10 5 20 5 50
-0.2462430227565479: 10 50 -50 0 -5 -20 -50 0 30 -30 30 50 20 0 -2 0 50 0 -10 20 -50 0 -30 5 20 50 2 1
-0.2462430227565479: 10 50 -50 0 -5 -20 -50 0 30 -30 30 50 20 0 -2 0 50 0 -10 20 -50 0 -30 5 20 50 2 1
-0.2462430227565479: 10 50 -50 0 -5 -20 -50 0 30 -30 30 50 20 0 -2 0 50 0 -10 20 -50 0 -30 5 20 50 2 1
-0.2462430227565479: 10 50 -50 0 -5 -20 -50 0 30 -30 30 50 20 0 -2 0 50 0 -10 20 -50 0 -30 5 20 50 2 1
-0.2462430227565479: 10 50 -50 0 -5 -20 -50 0 30 -30 30 50 20 0 -2 0 50 0 -10 20 -50 0 -30 5 20 50 2 1
-0.2462430227565479: 10 50 -50 0 -5 -20 -50 0 30 -30 30 50 20 0 -2 0 50 0 -10 20 -50 0 -30 5 20 50 2 1
-0.2462430227565479: 10 50 -50 0 -5 -20 -50 0 30 -30 30 50 20 0 -2 0 50 0 -10 20 -50 0 -30 5 20 50 2 1
