TrainingAccuracy: 0.702
TestAccuracy: 0.6621983914209115
infeasible
infeasible
infeasible
infeasible
infeasible
infeasible
infeasible
infeasible
infeasible
no_sol
no_sol
no_sol
0.32866125858013734: 50 0 20 -30 5 0 0 -10 10 20 0 0 0 0 30 0 0 0 0 0 0 0 -50 -30 0 50 2 -1
0.2968527496439943: 50 0 20 -30 2 0 -10 0 10 20 0 0 0 0 30 0 50 0 0 0 0 0 -50 -30 0 50 -2 -1
0.18427494839917435: 50 0 10 5 0 0 -10 0 10 -10 -2 0 -30 0 -5 -1 0 0 0 0 30 0 -10 2 0 30 -20 0
0.17627482039712633: 50 0 10 5 0 0 -10 0 10 -10 -2 0 -30 0 -2 0 0 -50 0 0 30 0 -10 2 0 30 -20 -1
0.1361461783388534: 50 0 10 5 0 -2 -10 2 10 -10 -2 0 -30 0 -5 -2 0 -20 0 0 0 0 -10 5 0 30 -20 0
0.1359861757788125: 50 0 10 5 0 0 -10 2 10 -10 -2 0 -30 0 -5 0 0 -50 0 0 30 0 -10 2 5 30 -20 -1
0.1359861757788125: 50 0 10 5 0 0 -10 2 10 -10 -2 0 -30 0 -5 0 0 -50 0 0 30 0 -10 2 5 30 -20 -1
0.1359861757788125: 50 0 10 5 0 0 -10 2 10 -10 -2 0 -30 0 -5 0 0 -50 0 0 30 0 -10 2 5 30 -20 -1
0.1359861757788125: 50 0 10 5 0 0 -10 2 10 -10 -2 0 -30 0 -5 0 0 -50 0 0 30 0 -10 2 5 30 -20 -1
0.12801804828877256: 50 2 10 2 5 -5 -5 5 10 -2 5 2 -30 0 0 -10 0 -50 0 0 20 0 -10 5 2 30 -20 -1
0.12801804828877256: 50 2 10 2 5 -5 -5 5 10 -2 5 2 -30 0 0 -10 0 -50 0 0 20 0 -10 5 2 30 -20 -1
0.12801804828877256: 50 2 10 2 5 -5 -5 5 10 -2 5 2 -30 0 0 -10 0 -50 0 0 20 0 -10 5 2 30 -20 -1
0.12801804828877256: 50 2 10 2 5 -5 -5 5 10 -2 5 2 -30 0 0 -10 0 -50 0 0 20 0 -10 5 2 30 -20 -1
0.12801804828877256: 50 2 10 2 5 -5 -5 5 10 -2 5 2 -30 0 0 -10 0 -50 0 0 20 0 -10 5 2 30 -20 -1
0.12801804828877256: 50 2 10 2 5 -5 -5 5 10 -2 5 2 -30 0 0 -10 0 -50 0 0 20 0 -10 5 2 30 -20 -1
0.12801804828877256: 50 2 10 2 5 -5 -5 5 10 -2 5 2 -30 0 0 -10 0 -50 0 0 20 0 -10 5 2 30 -20 -1
