TrainingAccuracy: 0.846
TestAccuracy: 0.7871532252594452
infeasible
infeasible
infeasible
infeasible
no_sol
no_sol
no_sol
-0.04480874316939891: 0 0 0 10 0 -1 0 -1 20 0 0 0 30 0 0 -20 0 0 -10 0 0 -20
-0.0686002522068096: -2 -5 0 0 -2 0 0 0 2 2 0 0 10 0 0 -5 0 0 -5 0 0 -1
-0.10365699873896596: -5 -30 0 0 0 0 0 0 5 2 0 0 10 0 0 -5 2 0 -2 0 -5 -1
-0.11845313156788567: -5 0 0 0 0 0 2 0 5 2 0 0 20 0 -10 -10 2 0 -5 0 -2 -1
-0.11845313156788567: -5 0 0 0 0 0 2 0 5 2 0 0 20 0 -10 -10 2 0 -5 0 -2 -1
-0.1278688524590164: -5 -5 0 0 0 0 10 0 5 2 0 0 30 0 -20 -5 2 0 -2 0 -5 -1
-0.14367381252627154: -10 -20 0 0 0 2 30 0 10 5 0 0 30 0 -10 -10 2 0 -10 5 -10 -1
-0.14367381252627154: -10 -20 0 0 0 2 30 0 10 5 0 0 30 0 -10 -10 2 0 -10 5 -10 -1
-0.19411517444304327: 0 2 5 -2 2 0 0 -10 10 5 0 0 50 50 -5 5 -50 0 -20 -10 -20 -1
-0.19411517444304327: 0 2 5 -2 2 0 0 -10 10 5 0 0 50 50 -5 5 -50 0 -20 -10 -20 -1
-0.19411517444304327: 0 2 5 -2 2 0 0 -10 10 5 0 0 50 50 -5 5 -50 0 -20 -10 -20 -1
-0.19411517444304327: 0 2 5 -2 2 0 0 -10 10 5 0 0 50 50 -5 5 -50 0 -20 -10 -20 -1
-0.19411517444304327: 0 2 5 -2 2 0 0 -10 10 5 0 0 50 50 -5 5 -50 0 -20 -10 -20 -1
-0.19411517444304327: 0 2 5 -2 2 0 0 -10 10 5 0 0 50 50 -5 5 -50 0 -20 -10 -20 -1
-0.19411517444304327: 0 2 5 -2 2 0 0 -10 10 5 0 0 50 50 -5 5 -50 0 -20 -10 -20 -1
