TrainingAccuracy: 0.826
TestAccuracy: 0.7834226412534763
infeasible
infeasible
infeasible
infeasible
no_sol
no_sol
no_sol
0.02879034512241241: 0 0 0 0 2 -1 0 -5 50 0 0 20 0 20 0 0 -30 0 0 0 0 -50
0.019220967131981792: 0 0 0 0 2 -1 0 -5 50 0 0 20 0 20 0 0 -30 -2 0 0 0 -50
-0.09917953271181704: 20 2 0 0 0 0 0 0 -1 30 0 10 10 0 0 0 2 0 -2 0 20 -50
-0.12741084200660976: 0 0 0 -20 -30 -5 0 -1 0 50 0 0 50 0 2 0 -20 0 -2 0 50 -50
-0.19048323714628654: 0 2 -20 -10 -20 0 0 1 0 30 0 0 30 -5 0 -5 0 0 -5 0 50 -50
-0.19183150002466334: 0 0 -2 -10 -20 1 0 1 0 30 -2 0 30 -5 0 -2 0 0 -5 0 50 -50
-0.19183150002466334: 0 0 -2 -10 -20 1 0 1 0 30 -2 0 30 -5 0 -2 0 0 -5 0 50 -50
-0.19183150002466334: 0 0 -2 -10 -20 1 0 1 0 30 -2 0 30 -5 0 -2 0 0 -5 0 50 -50
-0.19183150002466334: 0 0 -2 -10 -20 1 0 1 0 30 -2 0 30 -5 0 -2 0 0 -5 0 50 -50
-0.19183150002466334: 0 0 -2 -10 -20 1 0 1 0 30 -2 0 30 -5 0 -2 0 0 -5 0 50 -50
-0.19183150002466334: 0 0 -2 -10 -20 1 0 1 0 30 -2 0 30 -5 0 -2 0 0 -5 0 50 -50
-0.20827373024877094: 0 2 -50 -5 -20 -1 0 -1 2 30 -5 10 30 -20 2 -10 0 5 -10 0 50 -50
-0.20827373024877094: 0 2 -50 -5 -20 -1 0 -1 2 30 -5 10 30 -20 2 -10 0 5 -10 0 50 -50
-0.2248474983146714: 5 2 0 -20 -10 2 20 -1 10 30 -20 30 30 -10 5 -10 0 0 -20 5 50 -50
-0.2248474983146714: 5 2 0 -20 -10 2 20 -1 10 30 -20 30 30 -10 5 -10 0 0 -20 5 50 -50
