TrainingAccuracy: 0.876
TestAccuracy: 0.8086772090702099
infeasible
infeasible
infeasible
infeasible
infeasible
infeasible
infeasible
no_sol
no_sol
no_sol
no_sol
no_sol
no_sol
no_sol
0.26400987224157957: 0 -30 0 2 0 2 0 0 30 -20 0 0 0 -50 20 0 0 0 0 0 0 0 -30 -30 -20 0 10 0 -20 0 0 20 0 0 30 0 -1
0.26400987224157957: 0 -30 0 2 0 2 0 0 30 -20 0 0 0 -50 20 0 0 0 0 0 0 0 -30 -30 -20 0 10 0 -20 0 0 20 0 0 30 0 -1
0.1012630662020906: 0 0 2 10 0 0 -2 -10 50 -50 -50 0 5 -50 0 0 0 0 0 -30 0 -30 0 -30 0 0 30 -1 5 0 0 -5 0 0 50 0 0
0.1012630662020906: 0 0 2 10 0 0 -2 -10 50 -50 -50 0 5 -50 0 0 0 0 0 -30 0 -30 0 -30 0 0 30 -1 5 0 0 -5 0 0 50 0 0
0.1012630662020906: 0 0 2 10 0 0 -2 -10 50 -50 -50 0 5 -50 0 0 0 0 0 -30 0 -30 0 -30 0 0 30 -1 5 0 0 -5 0 0 50 0 0
0.0743321718931475: 0 -2 0 5 0 2 0 -5 50 -50 -50 -2 0 -50 0 0 0 2 0 -50 0 -30 0 -30 -5 0 30 0 20 0 0 0 0 -2 50 2 -1
0.07150116144018584: 0 -2 0 10 -20 2 0 -10 30 -50 -50 -2 0 -50 0 0 0 2 0 -50 0 -30 0 -30 -10 0 30 0 20 0 0 -10 0 0 50 2 -1
0.06837979094076654: 0 -2 0 2 -30 2 2 -2 50 -50 -50 -2 5 -50 0 0 0 2 0 -30 0 -30 0 -30 -20 0 30 0 20 0 0 0 0 0 50 2 -1
0.06837979094076654: 0 -2 0 2 -30 2 2 -2 50 -50 -50 -2 5 -50 0 0 0 2 0 -30 0 -30 0 -30 -20 0 30 0 20 0 0 0 0 0 50 2 -1
0.06837979094076654: 0 -2 0 2 -30 2 2 -2 50 -50 -50 -2 5 -50 0 0 0 2 0 -30 0 -30 0 -30 -20 0 30 0 20 0 0 0 0 0 50 2 -1
0.06837979094076654: 0 -2 0 2 -30 2 2 -2 50 -50 -50 -2 5 -50 0 0 0 2 0 -30 0 -30 0 -30 -20 0 30 0 20 0 0 0 0 0 50 2 -1
0.06823461091753774: 0 -5 0 5 -30 2 0 -5 50 -50 -50 -5 5 -50 0 0 0 2 0 -30 2 -30 0 -30 -20 -2 30 0 20 2 20 -2 0 0 50 2 0
0.06823461091753774: 0 -5 0 5 -30 2 0 -5 50 -50 -50 -5 5 -50 0 0 0 2 0 -30 2 -30 0 -30 -20 -2 30 0 20 2 20 -2 0 0 50 2 0
0.06213704994192798: 0 -5 0 5 -30 2 0 -10 50 -50 -50 -5 20 -50 0 0 0 5 0 -20 0 -30 0 -30 -20 2 30 0 10 0 10 0 -1 0 50 5 0
0.06213704994192798: 0 -5 0 5 -30 2 0 -10 50 -50 -50 -5 20 -50 0 0 0 5 0 -20 0 -30 0 -30 -20 2 30 0 10 0 10 0 -1 0 50 5 0
0.06213704994192798: 1 0 2 5 -20 -2 -2 -10 50 -50 -50 0 20 -50 -2 0 0 0 -2 -30 30 -5 30 -10 -30 0 30 -10 5 10 50 10 0 20 50 10 -30
0.06213704994192798: 1 0 2 5 -20 -2 -2 -10 50 -50 -50 0 20 -50 -2 0 0 0 -2 -30 30 -5 30 -10 -30 0 30 -10 5 10 50 10 0 20 50 10 -30
0.06213704994192798: 1 0 2 5 -20 -2 -2 -10 50 -50 -50 0 20 -50 -2 0 0 0 -2 -30 30 -5 30 -10 -30 0 30 -10 5 10 50 10 0 20 50 10 -30
0.05901567944250871: 1 0 2 5 -20 -2 0 -10 50 -50 -50 -5 20 -50 -2 -5 0 0 -5 -30 30 0 30 -10 -30 0 30 -10 5 10 50 10 5 20 50 10 -30
0.05901567944250871: 1 0 2 5 -20 -2 0 -10 50 -50 -50 -5 20 -50 -2 -5 0 0 -5 -30 30 0 30 -10 -30 0 30 -10 5 10 50 10 5 20 50 10 -30
0.05901567944250871: 1 0 2 5 -20 -2 0 -10 50 -50 -50 -5 20 -50 -2 -5 0 0 -5 -30 30 0 30 -10 -30 0 30 -10 5 10 50 10 5 20 50 10 -30
0.05901567944250871: 1 0 2 5 -20 -2 0 -10 50 -50 -50 -5 20 -50 -2 -5 0 0 -5 -30 30 0 30 -10 -30 0 30 -10 5 10 50 10 5 20 50 10 -30
0.05901567944250871: 1 0 2 5 -20 -2 0 -10 50 -50 -50 -5 20 -50 -2 -5 0 0 -5 -30 30 0 30 -10 -30 0 30 -10 5 10 50 10 5 20 50 10 -30
