TrainingAccuracy: 0.9
TestAccuracy: 0.8140731730139422
no_sol
no_sol
no_sol
no_sol
no_sol
no_sol
no_sol
no_sol
no_sol
no_sol
no_sol
no_sol
no_sol
no_sol
no_sol
no_sol
no_sol
no_sol
-0.2561056105610561: -5 -30 0 10 0 0 20 -30 -30 0 0 20 50 -20 30 -30 0 0 0 0 50 0 0 -50 -30 0 0 0 0 0 0 0 -30 -30 50 10 -30
-0.2561056105610561: -5 -30 0 10 0 0 20 -30 -30 0 0 20 50 -20 30 -30 0 0 0 0 50 0 0 -50 -30 0 0 0 0 0 0 0 -30 -30 50 10 -30
-0.2785478547854786: -5 -30 0 10 0 0 20 -50 20 0 10 30 50 -20 30 0 0 10 0 0 50 0 -50 -30 -30 0 10 0 0 0 0 0 -30 -30 30 0 -30
-0.5947194719471947: 0 -20 0 2 0 0 5 -50 0 -2 0 30 30 -20 20 -5 0 5 0 -10 50 0 0 -50 -50 0 2 -1 -10 0 20 0 0 -2 20 0 -50
-0.5947194719471947: 0 -20 0 2 0 0 5 -50 0 -2 0 30 30 -20 20 -5 0 5 0 -10 50 0 0 -50 -50 0 2 -1 -10 0 20 0 0 -2 20 0 -50
-0.6811881188118811: 0 -30 -2 0 0 0 10 -50 5 -5 0 20 30 -30 30 -10 0 5 0 -5 50 0 0 -50 -30 0 2 0 -50 0 30 0 1 -1 30 50 -50
-0.6811881188118811: 0 -30 -2 0 0 0 10 -50 5 -5 0 20 30 -30 30 -10 0 5 0 -5 50 0 0 -50 -30 0 2 0 -50 0 30 0 1 -1 30 50 -50
-0.6811881188118811: 0 -30 -2 0 0 0 10 -50 5 -5 0 20 30 -30 30 -10 0 5 0 -5 50 0 0 -50 -30 0 2 0 -50 0 30 0 1 -1 30 50 -50
-0.6811881188118811: 0 -30 -2 0 0 0 10 -50 5 -5 0 20 30 -30 30 -10 0 5 0 -5 50 0 0 -50 -30 0 2 0 -50 0 30 0 1 -1 30 50 -50
-0.6811881188118811: 0 -30 -2 0 0 0 10 -50 5 -5 0 20 30 -30 30 -10 0 5 0 -5 50 0 0 -50 -30 0 2 0 -50 0 30 0 1 -1 30 50 -50
-0.6811881188118811: 0 -30 -2 0 0 0 10 -50 5 -5 0 20 30 -30 30 -10 0 5 0 -5 50 0 0 -50 -30 0 2 0 -50 0 30 0 1 -1 30 50 -50
-0.6811881188118811: 0 -30 -2 0 0 0 10 -50 5 -5 0 20 30 -30 30 -10 0 5 0 -5 50 0 0 -50 -30 0 2 0 -50 0 30 0 1 -1 30 50 -50
-0.6811881188118811: 0 -30 -2 0 0 0 10 -50 5 -5 0 20 30 -30 30 -10 0 5 0 -5 50 0 0 -50 -30 0 2 0 -50 0 30 0 1 -1 30 50 -50
-0.700990099009901: 10 -10 -2 20 20 5 30 -50 50 0 5 50 50 -30 10 -30 0 0 -2 -30 50 -10 -50 0 -50 5 30 1 -50 -10 0 -20 -30 -10 30 50 -50
-0.700990099009901: 10 -10 -2 20 20 5 30 -50 50 0 5 50 50 -30 10 -30 0 0 -2 -30 50 -10 -50 0 -50 5 30 1 -50 -10 0 -20 -30 -10 30 50 -50
-0.700990099009901: 10 -10 -2 20 20 5 30 -50 50 0 5 50 50 -30 10 -30 0 0 -2 -30 50 -10 -50 0 -50 5 30 1 -50 -10 0 -20 -30 -10 30 50 -50
-0.700990099009901: 10 -10 -2 20 20 5 30 -50 50 0 5 50 50 -30 10 -30 0 0 -2 -30 50 -10 -50 0 -50 5 30 1 -50 -10 0 -20 -30 -10 30 50 -50
-0.700990099009901: 10 -10 -2 20 20 5 30 -50 50 0 5 50 50 -30 10 -30 0 0 -2 -30 50 -10 -50 0 -50 5 30 1 -50 -10 0 -20 -30 -10 30 50 -50
-0.700990099009901: 10 -10 -2 20 20 5 30 -50 50 0 5 50 50 -30 10 -30 0 0 -2 -30 50 -10 -50 0 -50 5 30 1 -50 -10 0 -20 -30 -10 30 50 -50
