TrainingAccuracy: 0.862
TestAccuracy: 0.7887811164620497
no_sol
no_sol
no_sol
no_sol
-0.021670606776989787: -50 0 0 0 0 0 0 0 50 0 0 0 0 20 0 -30 0 0 0 0 0 -30
-0.021670606776989787: -50 0 0 0 0 0 0 0 50 0 0 0 0 20 0 -30 0 0 0 0 0 -30
-0.12253743104806936: -20 0 0 0 0 0 0 -30 50 0 0 -30 0 30 0 -50 0 0 0 0 0 -1
-0.15760441292356184: 0 0 0 0 -30 0 0 -50 2 30 0 0 -30 2 0 -2 0 0 0 0 0 -1
-0.1863672182821119: -10 0 0 0 0 0 0 -20 30 0 -10 -10 0 20 0 -30 -10 0 0 0 0 -5
-0.18912529550827423: -50 -2 0 0 0 1 0 -2 50 0 0 0 5 0 5 -10 0 0 0 0 5 -50
-0.18912529550827423: -50 -2 0 0 0 1 0 -2 50 0 0 0 5 0 5 -10 0 0 0 0 5 -50
-0.18912529550827423: -50 -2 0 0 0 1 0 -2 50 0 0 0 5 0 5 -10 0 0 0 0 5 -50
-0.2899921197793538: -50 -20 0 -1 10 1 0 -10 50 10 0 0 2 0 0 -30 0 0 -5 0 30 -50
-0.2899921197793538: -50 -20 0 -1 10 1 0 -10 50 10 0 0 2 0 0 -30 0 0 -5 0 30 -50
-0.2899921197793538: -50 -20 0 -1 10 1 0 -10 50 10 0 0 2 0 0 -30 0 0 -5 0 30 -50
-0.2899921197793538: -50 -20 0 -1 10 1 0 -10 50 10 0 0 2 0 0 -30 0 0 -5 0 30 -50
-0.30851063829787234: 0 -30 0 5 -30 1 0 -50 50 20 20 -10 -2 20 -30 -30 0 0 -30 30 30 -50
-0.3565799842395587: -1 -20 0 0 -20 -20 -30 -50 30 -5 20 -5 -10 20 -10 -10 0 0 -20 10 20 -1
-0.3565799842395587: -1 -20 0 0 -20 -20 -30 -50 30 -5 20 -5 -10 20 -10 -10 0 0 -20 10 20 -1
-0.3565799842395587: -1 -20 0 0 -20 -20 -30 -50 30 -5 20 -5 -10 20 -10 -10 0 0 -20 10 20 -1
-0.3565799842395587: -1 -20 0 0 -20 -20 -30 -50 30 -5 20 -5 -10 20 -10 -10 0 0 -20 10 20 -1
-0.3565799842395587: -1 -20 0 0 -20 -20 -30 -50 30 -5 20 -5 -10 20 -10 -10 0 0 -20 10 20 -1
