TrainingAccuracy: 0.858
TestAccuracy: 0.7901037780641661
infeasible
infeasible
infeasible
infeasible
infeasible
no_sol
no_sol
no_sol
0.010201377848436666: 0 0 0 0 -50 0 0 -50 50 5 0 -30 0 30 0 -30 -20 0 0 0 0 -1
0.006491785903550609: 0 0 0 0 -50 0 0 -50 50 50 0 -50 -20 50 0 0 -20 0 -30 0 0 -2
-0.016163222045574993: -30 -30 0 0 -50 0 0 -50 50 10 -20 0 0 50 0 -30 -30 0 0 0 0 -2
-0.016163222045574993: -30 -30 0 0 -50 0 0 -50 50 10 -20 0 0 50 0 -30 -30 0 0 0 0 -2
-0.025967143614202437: 0 -30 0 -20 -50 0 0 -50 30 50 -20 0 -30 50 0 -30 -30 0 0 0 2 -1
-0.032723900370959194: 0 -30 0 0 -50 -2 0 -50 50 30 -30 -2 -2 50 0 0 -30 0 -2 0 5 -20
-0.032723900370959194: 0 -30 0 0 -50 -2 0 -50 50 30 -30 -2 -2 50 0 0 -30 0 -2 0 5 -20
-0.050808161102278745: 0 -50 0 5 -50 0 0 -50 50 50 -30 1 0 30 0 -50 -10 5 -30 20 30 -50
-0.06584525702172761: 0 -30 0 5 -30 1 0 -50 50 20 20 -10 -2 20 -20 -30 0 0 -30 30 30 -50
-0.06584525702172761: 0 -30 0 5 -30 1 0 -50 50 20 20 -10 -2 20 -20 -30 0 0 -30 30 30 -50
-0.06584525702172761: 0 -30 0 5 -30 1 0 -50 50 20 20 -10 -2 20 -20 -30 0 0 -30 30 30 -50
-0.06584525702172761: 0 -30 0 5 -30 1 0 -50 50 20 20 -10 -2 20 -20 -30 0 0 -30 30 30 -50
-0.06584525702172761: 0 -30 0 5 -30 1 0 -50 50 20 20 -10 -2 20 -20 -30 0 0 -30 30 30 -50
-0.06584525702172761: 0 -30 0 5 -30 1 0 -50 50 20 20 -10 -2 20 -20 -30 0 0 -30 30 30 -50
