TrainingAccuracy: 0.724
TestAccuracy: 0.6464104855525767
infeasible
infeasible
infeasible
infeasible
0.31545903004676795: 0 0 0 0 0 -20 0 0 2 0 0 0 -30 0 0 0 0 0 0 0 0 0 0 0 0 30 0 -1
0.3077070920622718: 0 0 0 0 0 -20 0 0 2 0 0 0 -30 0 5 0 0 0 0 0 0 0 0 0 0 30 0 -1
0.1875840861041707: 0 0 0 0 0 -30 0 -30 30 -20 0 0 -50 0 0 0 0 0 0 0 0 0 0 0 50 0 0 -5
0.16746748670638734: 0 0 0 0 0 -30 -30 0 30 -20 0 0 -50 0 0 0 0 0 0 0 0 0 0 0 20 30 0 -5
0.10369017874303288: 0 0 0 -10 0 -30 0 -30 10 0 2 0 0 0 0 0 0 0 -1 1 0 0 -2 0 0 50 0 0
0.04350054455762703: 0 5 0 0 -2 -30 0 -2 0 -2 0 0 -5 0 0 0 0 0 -2 0 0 0 -2 0 0 30 0 5
0.02540201165993977: 0 50 2 0 -30 -30 -50 0 0 0 50 0 0 0 30 0 0 0 0 50 0 0 -50 0 20 50 0 0
0.005765904285988888: 20 0 0 0 -30 -5 -50 0 30 -20 0 0 -10 0 0 2 0 0 0 0 0 0 -30 0 10 30 20 0
-0.06733294893971431: 0 0 20 0 -30 -10 -50 0 5 0 30 0 0 0 30 2 0 0 -30 0 0 0 0 30 50 10 5 0
-0.08722531872637579: 0 0 20 0 -30 -10 -50 0 5 0 30 0 0 0 50 2 0 0 -30 0 0 -50 0 30 50 10 5 0
-0.0926388621948876: 20 -30 20 0 -30 -10 -50 0 5 0 30 0 0 0 50 2 0 0 -30 0 0 0 0 30 50 10 5 0
-0.10115958741751555: 50 -30 20 0 -30 -10 -50 0 10 0 30 0 -2 0 50 0 0 0 -5 0 0 0 -30 0 20 10 5 1
-0.1094240502274329: 50 -30 20 0 -30 -10 -50 0 10 0 30 0 -2 0 50 0 0 0 -5 0 -5 0 -30 0 20 10 5 1
-0.12182074444230892: 50 -30 20 0 -30 -10 -50 0 10 0 30 0 -5 0 50 0 -30 0 -5 0 50 0 -30 0 20 10 5 1
-0.12182074444230892: 50 -30 20 0 -30 -10 -50 0 10 0 30 0 -5 0 50 0 -30 0 -5 0 50 0 -30 0 20 10 5 1
-0.12182074444230892: 50 -30 20 0 -30 -10 -50 0 10 0 30 0 -5 0 50 0 -30 0 -5 0 50 0 -30 0 20 10 5 1
-0.1259529758472676: 50 -10 5 0 -10 -10 -20 0 5 2 20 0 -2 0 30 0 -2 0 -5 0 -20 -5 -20 -2 5 10 5 1
-0.1259529758472676: 50 -10 5 0 -10 -10 -20 0 5 2 20 0 -2 0 30 0 -2 0 -5 0 -20 -5 -20 -2 5 10 5 1
-0.1259529758472676: 50 -10 5 0 -10 -10 -20 0 5 2 20 0 -2 0 30 0 -2 0 -5 0 -20 -5 -20 -2 5 10 5 1
-0.1259529758472676: 50 -10 5 0 -10 -10 -20 0 5 2 20 0 -2 0 30 0 -2 0 -5 0 -20 -5 -20 -2 5 10 5 1
-0.13008520725222628: 50 -10 5 0 -10 -10 -20 0 5 2 20 0 -2 0 30 0 -20 0 -5 0 0 0 -20 -2 5 10 5 1
-0.1303414696649369: 50 -10 5 0 -10 -10 -20 0 5 2 20 0 -2 0 30 0 -5 0 -5 0 -30 -5 -20 -2 5 10 5 1
-0.1303414696649369: 50 -10 5 0 -10 -10 -20 0 5 2 20 0 -2 0 30 0 -5 0 -5 0 -30 -5 -20 -2 5 10 5 1
-0.1303414696649369: 50 -10 5 0 -10 -10 -20 0 5 2 20 0 -2 0 30 0 -5 0 -5 0 -30 -5 -20 -2 5 10 5 1
