TrainingAccuracy: 0.886
TestAccuracy: 0.8026574342659306
infeasible
no_sol
no_sol
no_sol
no_sol
no_sol
no_sol
no_sol
no_sol
no_sol
0.40665342601787485: 0 -10 0 0 0 0 0 -5 10 -10 0 0 0 -30 0 -30 0 0 0 0 5 0 0 0 0 0 0 0 0 0 0 0 0 -10 30 5 -2
0.10029791459781523: 1 -50 0 0 0 0 0 -10 0 -10 0 0 0 -50 30 0 0 0 0 0 20 0 0 -30 -50 0 0 0 0 -20 0 0 0 -10 50 0 0
-0.0034756703078451245: 0 0 0 0 -20 0 0 -20 50 -50 -30 0 0 -50 5 0 0 0 0 0 0 -5 0 -30 0 0 0 0 0 2 0 0 0 -5 50 10 0
-0.0034756703078451245: 0 0 0 0 -20 0 0 -20 50 -50 -30 0 0 -50 5 0 0 0 0 0 0 -5 0 -30 0 0 0 0 0 2 0 0 0 -5 50 10 0
-0.14647467725918573: 0 0 0 2 0 0 0 -20 0 -30 -5 0 2 -50 0 0 0 2 0 0 0 -5 0 -5 -2 0 5 0 2 0 10 0 0 0 30 0 -1
-0.14647467725918573: 0 0 0 2 0 0 0 -20 0 -30 -5 0 2 -50 0 0 0 2 0 0 0 -5 0 -5 -2 0 5 0 2 0 10 0 0 0 30 0 -1
-0.14647467725918573: 0 0 0 2 0 0 0 -20 0 -30 -5 0 2 -50 0 0 0 2 0 0 0 -5 0 -5 -2 0 5 0 2 0 10 0 0 0 30 0 -1
-0.14647467725918573: 0 0 0 2 0 0 0 -20 0 -30 -5 0 2 -50 0 0 0 2 0 0 0 -5 0 -5 -2 0 5 0 2 0 10 0 0 0 30 0 -1
-0.14647467725918573: 0 0 0 2 0 0 0 -20 0 -30 -5 0 2 -50 0 0 0 2 0 0 0 -5 0 -5 -2 0 5 0 2 0 10 0 0 0 30 0 -1
-0.1802383316782522: 0 0 0 2 0 0 0 -20 30 -30 -5 0 2 -50 0 0 0 2 0 0 0 -5 0 -5 -2 0 5 0 2 0 10 0 0 0 30 0 -1
-0.24776564051638528: 0 -20 0 0 -20 -2 0 -30 30 -30 -2 5 20 -50 0 -20 0 5 0 0 0 -10 0 -20 -20 0 2 0 20 1 20 0 0 -2 50 0 0
-0.3098311817279047: 0 -10 0 5 0 10 5 0 20 -50 -5 -5 0 -50 -5 -20 0 0 0 -10 0 -20 0 -30 -20 0 10 0 30 0 0 -5 0 -5 50 10 -1
-0.3530287984111221: 0 -5 -1 2 0 0 -5 -20 0 -30 0 2 30 -50 -5 0 0 5 0 0 0 -20 -20 -30 -30 0 10 0 30 0 -5 -10 2 0 30 10 0
-0.3530287984111221: 0 -5 -1 2 0 0 -5 -20 0 -30 0 2 30 -50 -5 0 0 5 0 0 0 -20 -20 -30 -30 0 10 0 30 0 -5 -10 2 0 30 10 0
-0.3530287984111221: 0 -5 -1 2 0 0 -5 -20 0 -30 0 2 30 -50 -5 0 0 5 0 0 0 -20 -20 -30 -30 0 10 0 30 0 -5 -10 2 0 30 10 0
-0.3530287984111221: 0 -5 -1 2 0 0 -5 -20 0 -30 0 2 30 -50 -5 0 0 5 0 0 0 -20 -20 -30 -30 0 10 0 30 0 -5 -10 2 0 30 10 0
-0.3907646474677259: 30 -5 0 2 0 0 -5 -20 2 -30 0 2 30 -50 -5 -20 0 5 0 -50 0 -20 -20 -30 -50 0 10 -30 0 0 -2 -10 2 -2 30 10 0
-0.3907646474677259: 30 -5 0 2 0 0 -5 -20 2 -30 0 2 30 -50 -5 -20 0 5 0 -50 0 -20 -20 -30 -50 0 10 -30 0 0 -2 -10 2 -2 30 10 0
-0.3907646474677259: 30 -5 0 2 0 0 -5 -20 2 -30 0 2 30 -50 -5 -20 0 5 0 -50 0 -20 -20 -30 -50 0 10 -30 0 0 -2 -10 2 -2 30 10 0
-0.3907646474677259: 30 -5 0 2 0 0 -5 -20 2 -30 0 2 30 -50 -5 -20 0 5 0 -50 0 -20 -20 -30 -50 0 10 -30 0 0 -2 -10 2 -2 30 10 0
-0.40963257199602776: 30 -5 0 2 0 -1 -5 -20 2 -30 0 2 30 -50 -5 -30 0 5 0 0 0 -20 -20 -30 -50 0 10 -30 0 0 -5 -10 2 0 30 10 0
-0.40963257199602776: 30 -5 0 2 0 -1 -5 -20 2 -30 0 2 30 -50 -5 -30 0 5 0 0 0 -20 -20 -30 -50 0 10 -30 0 0 -5 -10 2 0 30 10 0
-0.40963257199602776: 30 -5 0 2 0 -1 -5 -20 2 -30 0 2 30 -50 -5 -30 0 5 0 0 0 -20 -20 -30 -50 0 10 -30 0 0 -5 -10 2 0 30 10 0
-0.40963257199602776: 30 -5 0 2 0 -1 -5 -20 2 -30 0 2 30 -50 -5 -30 0 5 0 0 0 -20 -20 -30 -50 0 10 -30 0 0 -5 -10 2 0 30 10 0
-0.40963257199602776: 30 -5 0 2 0 -1 -5 -20 2 -30 0 2 30 -50 -5 -30 0 5 0 0 0 -20 -20 -30 -50 0 10 -30 0 0 -5 -10 2 0 30 10 0
-0.40963257199602776: 30 -5 0 2 0 -1 -5 -20 2 -30 0 2 30 -50 -5 -30 0 5 0 0 0 -20 -20 -30 -50 0 10 -30 0 0 -5 -10 2 0 30 10 0
-0.40963257199602776: 30 -5 0 2 0 -1 -5 -20 2 -30 0 2 30 -50 -5 -30 0 5 0 0 0 -20 -20 -30 -50 0 10 -30 0 0 -5 -10 2 0 30 10 0
