TrainingAccuracy: 0.872
TestAccuracy: 0.8150088893047628
infeasible
infeasible
infeasible
infeasible
infeasible
no_sol
no_sol
-0.23649825783972123: 0 -50 0 0 0 -20 0 0 0 -10 0 0 0 -50 0 0 0 0 0 0 30 0 0 0 -50 0 0 0 0 0 0 0 0 0 50 0 -1
-0.2855691056910569: 0 -50 0 0 0 0 0 0 0 -2 0 0 0 -50 2 0 0 0 0 0 2 0 0 0 -50 0 0 0 -50 0 0 0 0 0 50 0 -1
-0.31845238095238093: 0 -30 0 0 0 0 5 0 0 -10 0 0 0 -30 10 0 0 0 0 0 10 0 0 0 -30 0 0 0 -50 0 0 0 0 0 30 0 -2
-0.33035714285714285: 0 0 0 0 0 0 2 0 0 -10 0 -2 0 -30 2 0 0 0 0 0 10 0 0 0 -10 0 0 -1 -50 0 0 2 0 0 20 0 0
-0.3482142857142857: 0 -5 0 0 0 -5 0 0 0 -2 0 0 20 -20 2 0 0 0 0 0 10 0 0 0 -20 0 0 1 -50 -5 0 0 0 0 20 0 0
-0.39256678281068524: 0 -50 10 0 0 0 0 0 0 -30 0 0 0 -50 20 0 0 0 20 0 30 0 0 -20 -50 -10 0 0 -50 -1 0 0 0 0 50 0 0
-0.41027874564459926: 0 -50 0 0 0 0 0 -10 0 -5 0 0 0 -50 30 0 0 0 10 0 0 -30 0 -50 -5 0 20 0 -50 0 0 0 2 0 50 50 0
-0.41340011614401856: 0 -10 0 10 0 2 0 0 10 0 0 0 30 -50 0 0 0 -5 0 0 0 -20 0 -20 -10 0 10 -1 -50 0 5 0 0 0 50 0 0
-0.4253048780487805: 0 -10 0 10 0 2 0 0 10 0 0 5 50 -50 0 0 0 -5 0 0 0 -20 0 -30 -30 0 10 0 -50 0 0 0 -1 0 50 10 0
-0.4312572590011614: 0 -10 0 20 0 2 0 0 10 0 0 5 50 -50 0 0 0 -5 0 0 0 -30 0 -30 -30 0 10 0 -50 0 2 0 0 0 50 20 -1
-0.4403310104529617: 0 -10 0 5 0 2 0 0 30 0 0 5 50 -20 0 0 0 -5 0 0 0 -20 0 -30 -50 0 10 1 -50 -2 0 0 0 -2 50 10 0
-0.4491144018583043: 0 -5 0 10 0 2 0 -10 30 -2 -5 0 50 -50 2 0 0 0 10 0 0 -30 0 -50 -10 0 20 0 -50 0 0 0 0 0 50 10 -1
-0.45535714285714285: 0 -5 0 5 0 2 0 -5 20 -2 -2 0 30 -30 2 0 0 0 10 0 0 -20 0 -30 -10 0 10 0 -50 0 0 0 0 -5 30 10 -1
-0.45535714285714285: 0 -5 0 5 0 2 0 -5 20 -2 -2 0 30 -30 2 0 0 0 10 0 0 -20 0 -30 -10 0 10 0 -50 0 0 0 0 -5 30 10 -1
-0.45535714285714285: 0 -5 0 5 0 2 0 -5 20 -2 -2 0 30 -30 2 0 0 0 10 0 0 -20 0 -30 -10 0 10 0 -50 0 0 0 0 -5 30 10 -1
-0.45535714285714285: 0 -5 0 5 0 2 0 -5 20 -2 -2 0 30 -30 2 0 0 0 10 0 0 -20 0 -30 -10 0 10 0 -50 0 0 0 0 -5 30 10 -1
-0.45535714285714285: 0 -5 0 5 0 2 0 -5 20 -2 -2 0 30 -30 2 0 0 0 10 0 0 -20 0 -30 -10 0 10 0 -50 0 0 0 0 -5 30 10 -1
-0.45535714285714285: 0 -5 0 5 0 2 0 -5 20 -2 -2 0 30 -30 2 0 0 0 10 0 0 -20 0 -30 -10 0 10 0 -50 0 0 0 0 -5 30 10 -1
-0.45535714285714285: 0 -5 0 5 0 2 0 -5 20 -2 -2 0 30 -30 2 0 0 0 10 0 0 -20 0 -30 -10 0 10 0 -50 0 0 0 0 -5 30 10 -1
-0.45535714285714285: 0 -10 0 10 0 0 -2 -5 30 -5 -10 0 10 -50 5 2 0 0 10 -5 0 -30 -10 -20 -10 0 20 1 -50 0 5 -10 0 -10 50 20 0
-0.46130952380952384: 50 2 0 10 -2 2 0 -10 20 0 -2 5 20 -30 0 -2 0 -2 5 2 0 -20 -2 -30 -10 0 10 -1 -50 0 5 5 0 -10 30 10 -50
-0.46130952380952384: 50 2 0 10 -2 2 0 -10 20 0 -2 5 20 -30 0 -2 0 -2 5 2 0 -20 -2 -30 -10 0 10 -1 -50 0 5 5 0 -10 30 10 -50
-0.46130952380952384: 50 2 0 10 -2 2 0 -10 20 0 -2 5 20 -30 0 -2 0 -2 5 2 0 -20 -2 -30 -10 0 10 -1 -50 0 5 5 0 -10 30 10 -50
-0.46130952380952384: 50 2 0 10 -2 2 0 -10 20 0 -2 5 20 -30 0 -2 0 -2 5 2 0 -20 -2 -30 -10 0 10 -1 -50 0 5 5 0 -10 30 10 -50
-0.46130952380952384: 50 2 0 10 -2 2 0 -10 20 0 -2 5 20 -30 0 -2 0 -2 5 2 0 -20 -2 -30 -10 0 10 -1 -50 0 5 5 0 -10 30 10 -50
-0.46130952380952384: 50 2 0 10 -2 2 0 -10 20 0 -2 5 20 -30 0 -2 0 -2 5 2 0 -20 -2 -30 -10 0 10 -1 -50 0 5 5 0 -10 30 10 -50
-0.46130952380952384: 50 2 0 10 -2 2 0 -10 20 0 -2 5 20 -30 0 -2 0 -2 5 2 0 -20 -2 -30 -10 0 10 -1 -50 0 5 5 0 -10 30 10 -50
-0.46130952380952384: 50 2 0 10 -2 2 0 -10 20 0 -2 5 20 -30 0 -2 0 -2 5 2 0 -20 -2 -30 -10 0 10 -1 -50 0 5 5 0 -10 30 10 -50
-0.46130952380952384: 50 2 0 10 -2 2 0 -10 20 0 -2 5 20 -30 0 -2 0 -2 5 2 0 -20 -2 -30 -10 0 10 -1 -50 0 5 5 0 -10 30 10 -50
-0.46130952380952384: 50 2 0 10 -2 2 0 -10 20 0 -2 5 20 -30 0 -2 0 -2 5 2 0 -20 -2 -30 -10 0 10 -1 -50 0 5 5 0 -10 30 10 -50
