TrainingAccuracy: 0.71
TestAccuracy: 0.6425379803395889
infeasible
infeasible
infeasible
0.22324365083184933: 0 0 30 0 -20 0 0 0 0 0 0 0 0 0 0 -20 0 0 0 0 0 0 0 0 0 50 0 0
0.16157289310295037: 0 0 30 0 -20 0 -20 0 0 -20 0 0 0 0 0 0 0 0 0 0 0 0 0 0 0 50 0 0
0.07046253068296676: 0 0 30 0 -20 0 -20 0 0 -20 0 0 0 0 0 0 0 0 0 0 0 0 0 0 0 50 -20 0
0.03707625419133337: 0 0 30 0 -20 0 -20 0 0 -20 0 0 0 0 0 0 0 0 0 0 0 0 0 0 30 20 -20 0
-0.029648168648024276: 0 20 50 0 0 0 0 0 -10 -50 0 0 0 0 0 0 0 0 0 0 0 0 0 0 50 30 -20 -5
-0.0676709823362372: 0 20 50 0 0 0 0 0 -10 -50 2 0 0 0 0 0 0 0 0 0 0 0 0 0 30 50 -20 -1
-0.07610980090163805: 0 20 50 0 0 0 0 0 -10 -50 10 0 0 0 0 0 -10 0 0 0 0 0 0 0 50 30 -20 -5
-0.13611204697502044: 0 30 30 0 0 0 -5 0 -5 -50 0 0 -50 0 0 2 0 0 0 0 0 0 0 5 50 20 -20 0
-0.21549469766247936: 0 0 50 0 -30 0 -10 -30 -20 -30 50 0 0 0 0 0 0 0 0 0 0 0 0 2 50 50 -20 -1
-0.24883284401020356: 0 10 30 0 -20 0 -30 0 -20 -30 30 0 0 0 30 0 0 0 0 0 0 0 0 10 50 30 -20 1
-0.26320771365773055: 0 0 30 0 -30 0 -50 10 -20 -30 30 0 0 0 50 10 0 0 0 0 0 0 0 10 50 30 -20 2
-0.2695608926537357: 0 0 30 0 -30 0 -20 -20 -20 -30 30 0 0 0 50 -1 -5 0 0 0 0 0 0 2 50 30 -20 20
-0.27414929970640606: 10 0 30 -2 -20 0 -30 0 -20 -30 30 0 0 0 30 5 0 0 0 5 0 0 0 10 50 30 -20 1
-0.27498355553416437: 10 0 30 -2 -20 0 -50 20 -20 -30 30 0 0 0 30 5 0 0 0 5 0 0 0 10 50 30 -20 1
-0.2834223740995652: 10 0 30 0 -20 0 -30 2 -20 -5 50 0 20 30 50 0 -5 0 -5 0 0 0 -10 0 30 30 -20 -1
-0.29019268100944956: 10 2 30 -2 -20 0 -50 20 -20 -30 30 0 0 0 50 5 0 0 0 5 0 0 -2 10 50 30 -20 1
-0.291444064751087: 20 0 50 -2 0 2 -30 20 -20 -50 30 0 0 0 50 0 -50 0 2 50 -10 0 -30 -5 50 30 -20 -1
-0.291444064751087: 30 0 50 -2 0 2 -30 20 -20 -50 30 0 2 0 50 0 -50 0 0 50 -10 -1 -30 -5 50 30 -20 -1
-0.291444064751087: 30 0 50 -2 0 2 -30 20 -20 -50 30 0 2 0 50 0 -50 0 0 50 -10 -1 -30 -5 50 30 -20 -1
-0.2918611926649661: 20 0 50 -20 -20 -2 -50 2 -30 -50 50 0 -5 0 50 30 -30 50 2 20 0 0 -30 -5 50 50 -30 -1
-0.2961287320915756: 20 5 50 -30 -5 -5 -50 5 -20 -50 50 0 -10 0 50 2 -50 0 20 30 2 0 -20 -5 50 50 -30 2
-0.2961287320915756: 20 5 50 -30 -5 -5 -50 5 -20 -50 50 0 -10 0 50 2 -50 0 20 30 2 0 -20 -5 50 50 -30 2
-0.2961287320915756: 20 5 50 -30 -5 -5 -50 5 -20 -50 50 0 -10 0 50 2 -50 0 20 30 2 0 -20 -5 50 50 -30 2
-0.2961287320915756: 20 5 50 -30 -5 -5 -50 5 -20 -50 50 0 -10 0 50 2 -50 0 20 30 2 0 -20 -5 50 50 -30 2
-0.2961287320915756: 20 5 50 -30 -5 -5 -50 5 -20 -50 50 0 -10 0 50 2 -50 0 20 30 2 0 -20 -5 50 50 -30 2
