TrainingAccuracy: 0.848
TestAccuracy: 0.7956318252730109
infeasible
infeasible
infeasible
infeasible
no_sol
no_sol
no_sol
-0.013482280431432958: 0 0 0 10 0 -1 0 -1 20 0 0 0 30 0 0 -20 0 0 -10 0 0 -20
-0.09861325115562403: -2 -5 0 0 -2 0 0 0 2 2 0 0 10 0 0 -5 0 0 -5 0 0 -1
-0.211864406779661: -5 -30 0 0 0 0 0 0 5 2 0 0 10 0 0 -5 2 0 -2 0 -5 -1
-0.21764252696456082: -5 -10 0 0 0 0 0 0 5 2 0 0 20 0 -10 -5 2 0 -2 0 -5 -1
-0.21764252696456082: -5 -10 0 0 0 0 0 0 5 2 0 0 20 0 -10 -5 2 0 -2 0 -5 -1
-0.23459167950693371: -5 -10 -50 0 0 0 0 0 5 2 0 -2 20 0 -10 -5 5 0 -5 0 -5 -1
-0.23998459167950695: -1 -30 0 0 0 2 0 0 50 5 0 0 50 30 -10 -20 2 0 -20 -30 -5 -50
-0.2966101694915254: 0 -20 0 5 0 1 0 -2 30 5 0 0 30 10 -5 -5 0 10 -20 -20 -10 -30
-0.4333590138674885: 0 2 5 -2 2 0 0 -10 10 5 0 0 50 50 -5 5 -50 0 -20 -10 -20 -1
-0.4333590138674885: 0 2 5 -2 2 0 0 -10 10 5 0 0 50 50 -5 5 -50 0 -20 -10 -20 -1
-0.4333590138674885: 0 2 5 -2 2 0 0 -10 10 5 0 0 50 50 -5 5 -50 0 -20 -10 -20 -1
-0.4333590138674885: 0 2 5 -2 2 0 0 -10 10 5 0 0 50 50 -5 5 -50 0 -20 -10 -20 -1
-0.4333590138674885: 0 2 5 -2 2 0 0 -10 10 5 0 0 50 50 -5 5 -50 0 -20 -10 -20 -1
-0.4333590138674885: 0 2 5 -2 2 0 0 -10 10 5 0 0 50 50 -5 5 -50 0 -20 -10 -20 -1
-0.4333590138674885: 0 2 5 -2 2 0 0 -10 10 5 0 0 50 50 -5 5 -50 0 -20 -10 -20 -1
