TrainingAccuracy: 0.892
TestAccuracy: 0.8101431645924956
infeasible
infeasible
infeasible
infeasible
infeasible
infeasible
infeasible
infeasible
no_sol
no_sol
no_sol
-0.27368421052631586: 0 0 0 0 0 -5 0 0 20 -5 0 10 0 -50 0 0 0 -10 0 -50 30 0 0 0 -50 -20 0 1 0 -2 0 0 0 0 0 0 0
-0.29631578947368425: 1 0 0 0 0 0 2 0 20 -2 0 20 0 -30 0 0 0 -2 0 -50 30 0 0 0 -30 0 10 0 0 0 0 0 -30 -50 0 0 0
-0.5742105263157895: 1 0 0 2 0 -2 0 0 0 -30 -20 0 -5 -50 10 0 0 0 0 -50 30 0 0 -2 -30 0 0 0 -20 0 0 0 0 0 5 0 0
-0.5742105263157895: 1 0 0 2 0 -2 0 0 0 -30 -20 0 -5 -50 10 0 0 0 0 -50 30 0 0 -2 -30 0 0 0 -20 0 0 0 0 0 5 0 0
-0.5742105263157895: 1 0 0 2 0 -2 0 0 0 -30 -20 0 -5 -50 10 0 0 0 0 -50 30 0 0 -2 -30 0 0 0 -20 0 0 0 0 0 5 0 0
-0.6921052631578948: 1 0 0 5 0 0 2 0 20 -2 0 20 -10 -50 10 0 0 -2 0 0 30 0 0 0 -30 0 0 0 -20 -10 0 0 -20 -20 10 0 0
-0.7647368421052632: 1 0 0 5 0 0 2 20 0 -2 0 10 -10 -50 20 0 0 -2 0 -50 30 0 0 0 -30 0 0 30 0 -10 0 0 -50 -50 20 0 0
-0.89: 1 0 0 5 10 0 2 0 20 -2 0 20 -10 -50 10 0 0 -2 0 -50 0 -20 0 -30 -30 0 0 0 -50 0 20 10 0 0 10 0 0
-0.9: 1 0 0 5 10 0 2 0 10 -2 0 20 -2 -50 20 0 0 -2 0 -50 0 -20 0 -30 -30 0 0 0 -50 0 20 2 0 0 10 -5 0
-0.9: 1 0 0 5 10 0 2 0 10 -2 0 20 -2 -50 20 0 0 -2 0 -50 0 -20 0 -30 -30 0 0 0 -50 0 20 2 0 0 10 -5 0
-0.9: 1 0 0 5 10 0 2 0 10 -2 0 20 -2 -50 20 0 0 -2 0 -50 0 -20 0 -30 -30 0 0 0 -50 0 20 2 0 0 10 -5 0
-0.96: 10 -10 0 5 2 -10 -5 0 0 -20 -10 -5 0 -50 10 0 0 0 -2 -50 20 0 0 0 -30 0 2 0 -50 0 10 0 -2 -5 20 2 1
-0.96: 0 -10 0 5 2 -10 -5 0 0 -20 -10 5 0 -50 10 -2 0 0 -2 -50 30 0 0 5 -30 0 2 1 -50 0 10 0 -2 -5 20 2 0
-0.96: 0 -10 0 5 2 -10 -5 0 0 -20 -10 5 0 -50 10 -2 0 0 -2 -50 30 0 0 5 -30 0 2 1 -50 0 10 0 -2 -5 20 2 0
-0.96: 0 -10 0 5 2 -10 -5 0 0 -20 -10 5 0 -50 10 -2 0 0 -2 -50 30 0 0 5 -30 0 2 1 -50 0 10 0 -2 -5 20 2 0
-0.96: 0 -10 0 5 2 -10 -5 0 0 -20 -10 5 0 -50 10 -2 0 0 -2 -50 30 0 0 5 -30 0 2 1 -50 0 10 0 -2 -5 20 2 0
-0.96: 0 -10 0 5 2 -10 -5 0 0 -20 -10 5 0 -50 10 -2 0 0 -2 -50 30 0 0 5 -30 0 2 1 -50 0 10 0 -2 -5 20 2 0
-0.96: 0 -10 0 5 2 -10 -5 0 0 -20 -10 5 0 -50 10 -2 0 0 -2 -50 30 0 0 5 -30 0 2 1 -50 0 10 0 -2 -5 20 2 0
-0.96: 0 -10 0 5 2 -10 -5 0 0 -20 -10 5 0 -50 10 -2 0 0 -2 -50 30 0 0 5 -30 0 2 1 -50 0 10 0 -2 -5 20 2 0
-0.96: 0 -10 0 5 2 -10 -5 0 0 -20 -10 5 0 -50 10 -2 0 0 -2 -50 30 0 0 5 -30 0 2 1 -50 0 10 0 -2 -5 20 2 0
-0.96: 0 -10 0 5 2 -10 -5 0 0 -20 -10 5 0 -50 10 -2 0 0 -2 -50 30 0 0 5 -30 0 2 1 -50 0 10 0 -2 -5 20 2 0
-0.96: 0 -10 0 5 2 -10 -5 0 0 -20 -10 5 0 -50 10 -2 0 0 -2 -50 30 0 0 5 -30 0 2 1 -50 0 10 0 -2 -5 20 2 0
-0.96: 0 -10 0 5 2 -10 -5 0 0 -20 -10 5 0 -50 10 -2 0 0 -2 -50 30 0 0 5 -30 0 2 1 -50 0 10 0 -2 -5 20 2 0
-0.96: 0 -10 0 5 2 -10 -5 0 0 -20 -10 5 0 -50 10 -2 0 0 -2 -50 30 0 0 5 -30 0 2 1 -50 0 10 0 -2 -5 20 2 0
-0.96: 0 -10 0 5 2 -10 -5 0 0 -20 -10 5 0 -50 10 -2 0 0 -2 -50 30 0 0 5 -30 0 2 1 -50 0 10 0 -2 -5 20 2 0
-0.96: 0 -10 0 5 2 -10 -5 0 0 -20 -10 5 0 -50 10 -2 0 0 -2 -50 30 0 0 5 -30 0 2 1 -50 0 10 0 -2 -5 20 2 0
