TrainingAccuracy: 0.724
TestAccuracy: 0.6464104855525767
infeasible
infeasible
infeasible
infeasible
infeasible
infeasible
infeasible
infeasible
infeasible
infeasible
infeasible
infeasible
no_sol
0.3748798769940419: 0 2 -2 -2 -5 -30 0 0 10 5 -2 0 -20 0 0 0 0 0 0 0 -2 0 -2 0 10 30 -5 0
0.36712793900954577: 30 2 -2 -2 -5 -30 0 0 10 5 -2 0 -20 0 0 0 0 0 0 0 -2 0 -2 0 10 30 -5 0
0.36712793900954577: 30 2 -2 -2 -5 -30 0 0 10 5 -2 0 -20 0 0 0 0 0 0 0 -2 0 -2 0 10 30 -5 0
0.36712793900954577: 30 2 -2 -2 -5 -30 0 0 10 5 -2 0 -20 0 0 0 0 0 0 0 -2 0 -2 0 10 30 -5 0
0.14395541034018838: 50 0 -20 -2 -20 -30 -30 -20 20 -5 0 0 -50 0 2 0 20 0 0 -10 0 0 0 20 30 30 10 1
0.12665769748222178: 50 -2 -10 -10 -2 -30 -30 -2 10 -2 0 0 -50 0 10 0 50 0 5 0 0 0 -2 10 0 50 10 -2
0.106252802870139: 10 -10 -5 5 -30 -20 -30 -30 20 -2 5 0 -30 0 20 0 50 0 5 0 0 0 -20 2 0 50 20 1
0.09798834006022167: 20 -10 -5 5 -30 -20 -30 -30 20 -2 5 0 -30 0 20 0 0 0 5 0 0 -50 -20 2 0 50 20 1
0.09798834006022167: 20 -10 -5 5 -30 -20 -30 -30 20 -2 5 0 -30 0 20 0 0 0 5 0 0 -50 -20 2 0 50 20 1
0.08972387725030428: 20 -10 -5 5 -30 -20 -30 -30 20 -2 5 0 -30 0 20 0 -10 0 5 0 0 -50 -20 2 0 50 20 1
0.08972387725030428: 20 -10 -5 5 -30 -20 -30 -30 20 -2 5 0 -30 0 20 0 -10 0 5 0 0 -50 -20 2 0 50 20 1
0.08972387725030428: 20 -10 -5 5 -30 -20 -30 -30 20 -2 5 0 -30 0 20 0 -10 0 5 0 0 -50 -20 2 0 50 20 1
0.08972387725030428: 20 -10 -5 5 -30 -20 -30 -30 20 -2 5 0 -30 0 20 0 -10 0 5 0 0 -50 -20 2 0 50 20 1
0.08972387725030428: 20 -10 -5 5 -30 -20 -30 -30 20 -2 5 0 -30 0 20 0 -10 0 5 0 0 -50 -20 2 0 50 20 1
0.08972387725030428: 20 -10 -5 5 -30 -20 -30 -30 20 -2 5 0 -30 0 20 0 -10 0 5 0 0 -50 -20 2 0 50 20 1
