TrainingAccuracy: 0.71
TestAccuracy: 0.6425379803395889
infeasible
infeasible
infeasible
infeasible
infeasible
infeasible
0.1771991464921147: 0 0 30 0 -20 0 -20 0 0 0 30 0 0 0 0 0 0 0 -20 0 0 -50 0 0 0 50 0 0
0.1151112608493366: 0 -10 0 0 -20 -30 0 0 10 0 10 0 0 0 0 0 0 0 0 30 0 0 0 0 0 50 0 2
0.0741685517639698: 0 0 0 5 -30 0 -30 0 10 0 20 0 0 0 0 0 0 0 0 20 0 -30 0 0 0 50 0 -1
0.0577080425470472: 0 20 10 5 0 0 0 0 10 -10 10 0 0 0 0 0 0 0 -20 0 0 0 -5 0 0 50 0 -2
0.011663538207312585: 0 0 30 5 -50 0 -50 0 -10 0 50 0 0 0 0 0 0 0 0 0 0 0 0 5 30 30 -10 1
-0.044488296353339396: 0 0 50 10 -50 0 -50 0 -20 -30 50 0 0 0 0 0 0 0 0 0 0 0 0 10 50 50 -30 1
-0.05802891017310813: 0 0 50 10 -50 0 -50 0 -20 -30 50 0 0 0 50 0 0 0 0 0 0 0 0 10 50 50 -20 1
-0.10323915868508449: 0 0 50 -10 -30 0 -50 0 -5 -20 50 0 0 0 50 2 0 0 0 0 -10 0 -20 0 50 30 -20 0
-0.11751776804479314: 0 10 30 2 -30 0 -30 0 -5 -30 30 0 0 0 30 2 -10 0 0 0 0 0 0 2 50 30 -20 0
-0.12646997481189132: 5 0 50 -10 -30 0 -50 0 -10 -30 50 0 0 0 50 0 0 0 2 -2 0 -20 -10 0 50 50 -20 0
-0.14209622820105572: 5 10 50 -20 -20 0 -50 0 -5 -30 50 0 0 0 50 1 0 0 0 -10 0 -30 -20 0 50 50 -20 0
-0.14334761194269297: 10 -5 50 -10 -30 0 -50 0 -5 -30 50 0 0 0 50 1 -2 0 0 -10 0 -20 -10 0 50 50 -20 0
-0.15220355842197303: 0 10 50 -20 -20 0 -50 0 -20 -30 50 0 0 5 50 5 -20 0 5 0 0 -30 -20 0 50 50 -30 1
-0.15220355842197303: 0 10 50 -20 -20 0 -50 0 -20 -30 50 0 0 5 50 5 -20 0 5 0 0 -30 -20 0 50 50 -30 1
-0.19106062793794415: 30 -10 20 0 -30 -2 -50 -5 20 -30 20 0 2 0 20 0 0 0 5 20 0 -50 -30 5 30 50 10 -1
-0.199499446503345: 20 -10 20 0 -30 -2 -50 -5 20 -30 20 0 2 0 20 -1 -10 0 5 20 0 -50 -30 5 30 50 10 0
-0.199499446503345: 20 -10 20 0 -30 -2 -50 -5 20 -30 20 0 2 0 20 -1 -10 0 5 20 0 -50 -30 5 30 50 10 0
-0.199499446503345: 20 -20 20 -2 -30 -5 -50 -5 20 -30 20 0 2 0 10 2 0 0 -1 5 -10 -50 -50 -20 5 50 10 30
-0.199499446503345: 20 -20 20 -2 -30 -5 -50 -5 20 -30 20 0 2 0 10 2 0 0 -1 5 -10 -50 -50 -20 5 50 10 30
-0.199499446503345: 20 -20 20 -2 -30 -5 -50 -5 20 -30 20 0 2 0 10 2 0 0 -1 5 -10 -50 -50 -20 5 50 10 30
-0.199499446503345: 20 -20 20 -2 -30 -5 -50 -5 20 -30 20 0 2 0 10 2 0 0 -1 5 -10 -50 -50 -20 5 50 10 30
-0.199499446503345: 20 -20 20 -2 -30 -5 -50 -5 20 -30 20 0 2 0 10 2 0 0 -1 5 -10 -50 -50 -20 5 50 10 30
