TrainingAccuracy: 0.848
TestAccuracy: 0.7989554364783287
infeasible
infeasible
infeasible
infeasible
no_sol
no_sol
no_sol
no_sol
no_sol
no_sol
no_sol
-0.3081761006289308: -20 20 0 0 -2 -50 0 -20 50 0 30 0 -2 0 0 0 0 -5 0 5 -30 1
-0.3081761006289308: -20 20 0 0 -2 -50 0 -20 50 0 30 0 -2 0 0 0 0 -5 0 5 -30 1
-0.34416491963661777: -2 30 -50 0 -5 -50 -30 -50 50 0 0 0 -5 20 20 0 2 0 0 0 -20 1
-0.4559748427672956: -2 20 -50 0 -20 -50 0 -50 50 0 -10 10 -5 30 30 0 2 0 0 0 -30 1
-0.4744933612858141: -2 20 -5 0 -20 -50 -5 -50 50 0 -10 10 -5 30 30 0 2 0 0 0 -30 1
-0.4744933612858141: -2 20 -5 0 -20 -50 -5 -50 50 0 -10 10 -5 30 30 0 2 0 0 0 -30 1
-0.4765897973445143: 2 30 -50 0 -2 -50 0 -20 50 30 0 20 0 -2 0 0 -10 2 -10 2 -50 1
-0.4765897973445143: 2 30 -50 0 -2 -50 0 -20 50 30 0 20 0 -2 0 0 -10 2 -10 2 -50 1
-0.4765897973445143: 2 30 -50 0 -2 -50 0 -20 50 30 0 20 0 -2 0 0 -10 2 -10 2 -50 1
-0.4765897973445143: 2 30 -50 0 -2 -50 0 -20 50 30 0 20 0 -2 0 0 -10 2 -10 2 -50 1
-0.4765897973445143: 2 30 -50 0 -2 -50 0 -20 50 30 0 20 0 -2 0 0 -10 2 -10 2 -50 1
