TrainingAccuracy: 0.874
TestAccuracy: 0.8060260129128848
infeasible
infeasible
infeasible
infeasible
infeasible
no_sol
no_sol
no_sol
no_sol
-0.11022727272727273: 0 -50 0 -5 0 0 0 -30 10 -30 0 0 0 -30 0 0 0 0 0 0 50 0 0 0 -50 -30 0 0 0 0 0 0 2 0 0 0 0
-0.4147727272727273: 0 -50 0 0 0 0 0 -50 0 -30 0 0 0 -30 20 10 0 0 0 0 50 0 0 0 -50 -30 0 2 -10 0 0 0 0 0 0 0 0
-0.7818181818181819: 0 -10 0 0 0 0 0 -5 0 -5 0 0 0 -5 0 2 0 0 0 0 5 0 0 0 0 0 2 0 -50 0 0 0 0 -10 30 2 -1
-0.8454545454545455: 0 -10 0 0 0 0 0 -2 0 -5 0 0 0 -5 2 2 0 0 0 0 2 0 0 -5 0 0 2 0 -50 2 0 0 0 0 20 5 0
-0.8454545454545455: 0 -10 0 0 0 0 0 -2 0 -5 0 0 0 -5 2 2 0 0 0 0 2 0 0 -5 0 0 2 0 -50 2 0 0 0 0 20 5 0
-0.8909090909090909: 0 -50 0 0 0 0 0 -20 0 -50 0 0 -30 -50 10 30 0 0 0 0 30 0 0 -30 0 0 20 50 -50 0 0 0 -30 0 50 0 -1
-0.9363636363636364: 0 -30 5 0 0 0 0 0 0 -30 0 0 -30 -50 10 10 0 0 5 0 20 0 0 -20 0 20 30 1 -50 0 0 0 -20 0 50 0 0
-0.9636363636363636: 2 -50 5 0 20 0 0 -20 0 -30 0 0 0 -50 10 20 0 0 5 0 20 0 0 -20 0 0 10 30 -50 0 0 0 -30 0 50 0 0
-0.9636363636363636: 1 -50 2 0 10 0 0 -10 0 -20 0 5 0 -30 0 0 0 -5 -2 0 20 0 0 -10 -10 0 5 20 -50 0 0 0 -20 0 50 0 0
-0.9727272727272728: 1 -50 2 0 10 0 0 -10 0 -20 0 5 0 -30 0 0 0 -5 -2 0 20 0 0 -10 -10 0 5 20 -50 0 30 0 -20 0 50 0 0
-0.9727272727272728: 1 -50 2 0 10 0 0 -10 0 -20 2 5 0 -30 0 0 0 -5 -2 0 20 0 0 -10 -20 0 5 20 -50 0 20 0 -20 0 50 0 0
-0.9727272727272728: 1 -50 2 0 10 0 0 -10 0 -20 2 5 0 -30 0 0 0 -5 -2 0 20 0 0 -10 -20 0 5 20 -50 0 20 0 -20 0 50 0 0
-0.990909090909091: 0 -50 2 2 10 0 0 -10 0 -20 0 5 -20 -30 0 0 0 -5 -2 0 20 0 0 -10 -20 0 5 20 -50 2 20 0 -20 0 50 0 -1
-0.990909090909091: 0 -50 2 2 10 0 0 -10 0 -20 0 5 -20 -30 0 0 0 -5 -2 0 20 0 0 -10 -20 0 5 20 -50 2 20 0 -20 0 50 0 -1
-0.990909090909091: 0 -50 2 2 10 0 0 -10 0 -20 0 5 -20 -30 0 0 0 -5 -2 0 20 0 0 -10 -20 0 5 20 -50 2 20 0 -20 0 50 0 -1
-0.990909090909091: 0 -50 2 2 10 0 0 -10 0 -20 0 5 -20 -30 0 0 0 -5 -2 0 20 0 0 -10 -20 0 5 20 -50 2 20 0 -20 0 50 0 -1
-0.990909090909091: 0 -50 2 2 10 0 0 -10 0 -20 0 5 -20 -30 0 0 0 -5 -2 0 20 0 0 -10 -20 0 5 20 -50 2 20 0 -20 0 50 0 -1
-0.990909090909091: 0 -50 2 2 10 0 0 -10 0 -20 0 5 -20 -30 0 0 0 -5 -2 0 20 0 0 -10 -20 0 5 20 -50 2 20 0 -20 0 50 0 -1
-1.0: -1 -20 2 0 10 2 0 -2 0 -10 30 10 0 -20 20 10 0 0 5 0 10 -5 0 -30 -10 0 5 50 -50 -5 10 -20 -20 -10 50 30 -30
-1.0: -1 -20 2 0 10 2 0 -2 0 -10 30 10 0 -20 20 10 0 0 5 0 10 -5 0 -30 -10 0 5 50 -50 -5 10 -20 -20 -10 50 30 -30
-1.0: 0 -30 0 -2 5 10 5 2 0 -20 5 10 0 -30 10 5 0 -5 2 -5 -2 -30 0 -50 -20 -5 2 50 -50 1 20 -20 -30 -20 50 50 0
-1.0: 0 -30 0 -2 5 10 5 2 0 -20 5 10 0 -30 10 5 0 -5 2 -5 -2 -30 0 -50 -20 -5 2 50 -50 1 20 -20 -30 -20 50 50 0
-1.0: 0 -30 0 -2 5 10 5 2 0 -20 5 10 0 -30 10 5 0 -5 2 -5 -2 -30 0 -50 -20 -5 2 50 -50 1 20 -20 -30 -20 50 50 0
-1.0: 0 -30 0 -2 5 10 5 2 0 -20 5 10 0 -30 10 5 0 -5 2 -5 -2 -30 0 -50 -20 -5 2 50 -50 1 20 -20 -30 -20 50 50 0
-1.0: 0 -30 0 -2 5 10 5 2 0 -20 5 10 0 -30 10 5 0 -5 2 -5 -2 -30 0 -50 -20 -5 2 50 -50 1 20 -20 -30 -20 50 50 0
-1.0: 0 -30 0 -2 5 10 5 2 0 -20 5 10 0 -30 10 5 0 -5 2 -5 -2 -30 0 -50 -20 -5 2 50 -50 1 20 -20 -30 -20 50 50 0
-1.0: 0 -30 0 -2 5 10 5 2 0 -20 5 10 0 -30 10 5 0 -5 2 -5 -2 -30 0 -50 -20 -5 2 50 -50 1 20 -20 -30 -20 50 50 0
-1.0: 0 -30 0 -2 5 10 5 2 0 -20 5 10 0 -30 10 5 0 -5 2 -5 -2 -30 0 -50 -20 -5 2 50 -50 1 20 -20 -30 -20 50 50 0
