TrainingAccuracy: 0.706
TestAccuracy: 0.6547512660113196
infeasible
no_sol
no_sol
no_sol
no_sol
no_sol
no_sol
no_sol
-0.4866059099696216: 50 0 20 0 10 0 0 0 0 20 0 0 0 0 0 -10 0 0 0 0 0 0 -30 -10 0 20 0 -1
-0.5974868820767745: 50 0 20 0 5 0 0 0 5 30 0 0 0 0 0 0 0 0 -10 0 0 0 -50 -30 0 0 5 2
-0.675918254625794: 50 0 10 0 5 0 0 0 5 30 0 0 0 0 20 0 0 0 -20 0 0 0 -30 -20 0 0 5 1
-0.675918254625794: 50 0 10 0 5 0 0 0 5 30 0 0 0 0 20 0 0 0 -20 0 0 0 -30 -20 0 0 5 1
-0.6915216790941728: 50 0 10 0 5 0 0 5 5 30 0 0 0 0 20 0 0 0 -20 0 0 0 -30 -20 0 5 5 1
-0.6985639326152996: 50 0 10 2 5 0 0 10 5 30 0 0 0 0 20 0 0 0 -20 0 0 0 -30 -20 2 0 5 2
-0.6985639326152996: 50 0 10 2 5 0 0 10 5 30 0 0 0 0 20 0 0 0 -20 0 0 0 -30 -20 2 0 5 2
-0.6985639326152996: 50 0 10 2 5 0 0 10 5 30 0 0 0 0 20 0 0 0 -20 0 0 0 -30 -20 2 0 5 2
-0.7028445180889257: 50 0 20 5 10 0 2 20 10 30 -2 0 -10 0 0 -1 0 0 -20 0 0 0 -10 2 20 0 10 -30
-0.7098867716100525: 50 0 30 -5 30 2 20 20 5 30 -10 0 -10 0 0 -30 0 0 -30 0 0 0 -5 2 20 0 5 -1
-0.71969069317868: 50 0 20 -5 20 2 10 10 5 20 -2 0 -20 0 0 -30 0 0 -10 0 0 0 -5 2 5 10 5 -1
-0.71969069317868: 50 0 20 -5 20 2 10 10 5 20 -2 0 -20 0 0 -30 0 0 -10 0 0 0 -5 2 5 10 5 -1
-0.71969069317868: 50 0 20 -5 20 2 10 10 5 20 -2 0 -20 0 0 -30 0 0 -10 0 0 0 -5 2 5 10 5 -1
-0.71969069317868: 50 0 20 -5 20 2 10 10 5 20 -2 0 -20 0 0 -30 0 0 -10 0 0 0 -5 2 5 10 5 -1
-0.71969069317868: 50 0 20 -5 20 2 10 10 5 20 -2 0 -20 0 0 -30 0 0 -10 0 0 0 -5 2 5 10 5 -1
-0.71969069317868: 50 0 20 -5 20 2 10 10 5 20 -2 0 -20 0 0 -30 0 0 -10 0 0 0 -5 2 5 10 5 -1
-0.71969069317868: 50 0 20 -5 20 2 10 10 5 20 -2 0 -20 0 0 -30 0 0 -10 0 0 0 -5 2 5 10 5 -1
-0.71969069317868: 50 0 20 -5 20 2 10 10 5 20 -2 0 -20 0 0 -30 0 0 -10 0 0 0 -5 2 5 10 5 -1
-0.7294946147473074: 50 0 20 -5 20 2 10 10 5 20 -2 0 -20 10 0 -30 0 -50 -10 0 -10 30 -5 2 5 10 5 -1
-0.7294946147473074: 50 0 20 -5 20 2 10 10 5 20 -2 0 -20 10 0 -30 0 -50 -10 0 -10 30 -5 2 5 10 5 -1
