TrainingAccuracy: 0.846
TestAccuracy: 0.7889846028623754
infeasible
infeasible
infeasible
infeasible
0.10699969164353995: 0 0 0 0 0 0 0 0 2 30 0 20 0 20 0 0 0 0 0 0 0 -50
0.07801418439716312: 0 0 0 0 0 0 0 0 30 2 0 20 0 20 0 0 -10 0 0 0 0 -50
-0.09898242368177612: 0 0 0 0 0 1 0 -1 50 0 0 20 0 2 0 0 0 0 0 0 -2 -50
-0.10576626580326859: 0 0 0 0 0 2 0 -2 50 20 0 20 20 0 0 0 0 0 0 0 -30 -50
-0.21399938328707985: 0 0 0 0 0 5 0 -1 50 50 0 20 0 0 0 0 -50 20 0 0 -50 -50
-0.31359851988899173: 0 0 0 0 0 0 0 -30 5 50 0 0 0 30 2 5 -20 0 0 -10 -30 -1
-0.3348751156336725: 0 0 0 0 0 5 0 -2 30 50 0 0 -20 50 30 0 -30 0 0 -20 -50 -30
-0.34165895775516497: 0 0 0 20 0 1 0 -2 50 30 0 0 0 50 30 0 -50 10 0 -5 -50 -50
-0.34844279987665744: 0 0 0 20 0 5 0 -2 50 30 5 0 0 50 30 0 -50 10 0 -10 -50 -50
-0.34844279987665744: 0 0 0 20 0 5 0 -2 50 30 5 0 0 50 30 0 -50 10 0 -10 -50 -50
-0.36293555349984585: 0 0 0 20 0 10 0 -2 50 30 5 0 -20 50 30 0 -50 0 5 -5 -50 -50
-0.37742830712303427: 0 -5 0 20 0 1 0 -2 50 30 5 0 -20 50 30 0 -50 5 -2 -5 -50 -50
-0.37742830712303427: 0 -5 0 20 0 1 0 -2 50 30 5 0 -20 50 30 0 -50 5 -2 -5 -50 -50
-0.4045636756090041: -20 0 -20 0 0 2 0 -20 20 50 5 0 -20 50 10 0 -50 20 -2 -5 -50 -1
-0.4045636756090041: -20 0 -20 0 0 2 0 -20 20 50 5 0 -20 50 10 0 -50 20 -2 -5 -50 -1
-0.4045636756090041: -20 0 -20 0 0 2 0 -20 20 50 5 0 -20 50 10 0 -50 20 -2 -5 -50 -1
-0.4045636756090041: -20 0 -20 0 0 2 0 -20 20 50 5 0 -20 50 10 0 -50 20 -2 -5 -50 -1
-0.4045636756090041: -20 0 -20 0 0 2 0 -20 20 50 5 0 -20 50 10 0 -50 20 -2 -5 -50 -1
