TrainingAccuracy: 0.858
TestAccuracy: 0.7901037780641661
infeasible
infeasible
infeasible
infeasible
no_sol
no_sol
no_sol
0.016626921038685752: 0 0 0 0 -50 0 0 -30 30 30 0 -30 0 20 0 -30 0 0 0 0 0 -1
0.0031134075251722376: 0 0 0 0 -50 0 0 -50 50 50 0 -50 0 50 0 0 -20 0 -30 0 0 -1
0.0015898251192368734: 0 -2 0 0 -5 0 0 -5 5 5 0 -5 0 5 0 0 -2 0 -2 0 0 -2
-0.016163222045574993: -30 -30 0 0 -50 0 0 -50 50 10 -20 0 0 50 0 -30 -30 0 0 0 0 -2
-0.020204027556968734: 0 0 0 0 -30 -5 0 -30 30 20 -20 0 0 20 0 -10 -10 0 -10 2 0 -1
-0.03153153153153154: 0 -20 0 -10 -50 0 0 -30 20 50 -30 0 0 20 -10 -10 0 0 -20 0 10 -1
-0.036433492315845264: 0 -20 0 0 -50 2 0 -30 30 50 -30 0 0 30 -20 -30 0 0 -30 20 20 -30
-0.05266295707472178: 0 -50 0 -5 -50 0 0 -50 50 50 -30 -5 0 50 0 -30 -30 0 -30 20 20 -30
-0.05266295707472178: 0 -50 0 -5 -50 0 0 -50 50 50 -30 -5 0 50 0 -30 -30 0 -30 20 20 -30
-0.06584525702172761: 0 -30 0 5 -30 1 0 -50 50 20 20 -10 -2 20 -20 -30 0 0 -30 30 30 -50
-0.06584525702172761: 0 -30 0 5 -30 1 0 -50 50 20 20 -10 -2 20 -20 -30 0 0 -30 30 30 -50
-0.06922363540010598: 0 -30 50 5 -30 1 0 -50 50 20 20 -10 -2 20 -20 -30 0 0 -30 30 30 -50
-0.06922363540010598: 5 -20 0 2 -20 2 2 -50 50 20 20 -30 10 30 0 -20 -20 -5 -30 20 30 -50
-0.07074721780604135: 5 -20 0 1 -50 -2 -30 -50 50 50 -2 -10 2 50 -30 -50 -30 -5 -30 50 30 -50
-0.07074721780604135: 5 -20 0 1 -50 -2 -30 -50 50 50 -2 -10 2 50 -30 -50 -30 -5 -30 50 30 -50
