TrainingAccuracy: 0.71
TestAccuracy: 0.6425379803395889
infeasible
infeasible
0.2417416694742584: 0 0 5 0 0 0 0 0 0 0 0 0 0 0 0 -2 0 0 0 0 0 0 0 0 0 50 0 0
0.14312300460445043: 0 0 20 0 0 0 0 0 0 0 0 0 0 0 0 0 0 0 -30 0 0 0 0 0 0 50 20 0
-0.01142288748776693: 0 0 30 0 0 0 0 0 0 -20 0 0 0 0 0 0 0 0 -20 0 0 -50 0 0 0 50 0 0
-0.0591840336269272: 0 0 30 0 0 0 0 0 0 -20 0 0 0 0 0 0 0 0 -20 0 0 -50 0 0 30 30 0 0
-0.0836662334953715: 0 0 30 0 0 0 0 0 0 -50 0 0 0 0 0 0 -50 0 0 50 0 0 0 0 50 2 0 -1
-0.16226275849898125: 30 0 30 0 0 -20 0 0 0 -50 0 0 0 0 0 0 0 0 -20 0 0 0 0 30 50 50 0 0
-0.19819993261779845: 0 30 30 0 0 0 -2 0 0 -50 0 0 0 0 0 0 0 0 0 0 0 0 0 2 50 10 -20 -1
-0.22861818356836883: 0 30 30 0 0 0 -5 0 -5 -50 0 0 0 0 0 0 0 0 1 0 0 0 0 5 50 10 -20 0
-0.2922783205788452: 0 0 50 0 -20 0 -30 0 -20 -50 30 0 0 0 0 0 0 0 0 0 0 0 0 10 50 50 -20 1
-0.3283117549854807: 0 0 30 0 -30 0 -20 0 -20 -30 30 0 0 0 30 0 0 0 0 0 0 0 0 20 30 50 -10 1
-0.3426866246330076: 0 0 50 0 -30 0 -20 -2 -10 -30 50 0 0 0 50 0 0 0 0 0 0 0 -20 0 50 20 -5 1
-0.3608156455054467: -10 0 30 0 -30 0 -20 -10 -5 -30 30 0 0 0 30 2 0 0 0 0 0 0 0 20 50 20 -10 0
-0.3612327734193259: -10 0 50 0 -30 0 -20 -10 -5 -30 50 0 0 10 50 0 0 0 2 0 0 0 -20 0 20 50 -10 0
-0.36925446407084755: -5 0 30 -2 -30 0 -20 -10 -10 -30 30 0 0 0 30 0 0 0 2 0 0 0 0 20 50 20 -5 1
-0.3781104105501276: 0 -10 50 0 -30 0 -20 -10 -5 -30 50 0 0 10 50 2 -1 0 0 0 0 0 -20 -5 20 50 -10 0
-0.3781104105501276: 0 -10 50 0 -30 0 -20 -10 -5 -30 50 0 0 10 50 2 -1 0 0 0 0 0 -20 -5 20 50 -10 0
-0.3785275384640067: 5 -10 50 0 -30 0 -20 -10 -5 -30 50 0 -10 10 50 2 0 0 0 -2 0 0 -20 -5 20 50 -10 0
-0.3983250709919623: 0 2 30 2 -30 0 -50 30 -20 -50 20 0 -20 0 30 0 0 0 -1 5 5 0 -5 20 50 30 -10 20
-0.40551250581572573: -5 10 30 5 -30 0 -50 30 -20 -50 20 0 -10 0 30 -2 0 0 0 5 5 0 -5 20 50 30 -10 20
-0.40551250581572573: -5 10 30 2 -30 0 -50 30 -20 -50 20 0 -10 0 30 0 0 0 -1 1 1 0 -5 20 50 30 -10 20
-0.40551250581572573: -5 10 30 2 -30 0 -50 30 -20 -50 20 0 -10 0 30 0 0 0 -1 1 1 0 -5 20 50 30 -10 20
-0.40551250581572573: -5 10 30 2 -30 0 -50 30 -20 -50 20 0 -10 -5 30 0 0 50 -1 2 1 0 -5 20 50 30 -10 20
-0.40551250581572573: -5 10 30 2 -30 0 -50 30 -20 -50 20 0 -10 -5 30 0 0 50 -1 2 1 0 -5 20 50 30 -10 20
-0.40551250581572573: -5 10 30 2 -30 0 -50 30 -20 -50 20 0 -10 -5 30 0 0 50 -1 2 1 0 -5 20 50 30 -10 20
-0.40551250581572573: -5 10 30 2 -30 0 -50 30 -20 -50 20 0 -10 -5 30 0 0 50 -1 2 1 0 -5 20 50 30 -10 20
-0.40551250581572573: -5 10 30 2 -30 0 -50 30 -20 -50 20 0 -10 -5 30 0 0 50 -1 2 1 0 -5 20 50 30 -10 20
