TrainingAccuracy: 0.724
TestAccuracy: 0.6455168305034257
infeasible
infeasible
infeasible
infeasible
infeasible
infeasible
infeasible
no_sol
-0.4332436414888846: 0 0 0 -2 0 -20 -5 0 2 0 -2 0 -30 0 0 1 0 0 0 0 0 0 0 0 20 20 0 0
-0.44099557947338075: 0 0 0 -2 0 -20 -5 0 2 0 -2 0 -30 0 0 1 0 0 0 0 -10 0 0 0 20 20 0 0
-0.48154910628483566: 0 0 -5 20 -30 0 -50 0 5 10 0 0 -30 0 0 0 0 0 0 0 0 -30 0 0 20 30 0 2
-0.5226151579217118: 0 0 -2 0 -10 -5 -30 0 5 10 0 0 -50 0 0 0 0 0 1 0 0 -20 0 -2 10 30 0 0
-0.534243064898456: 0 0 -2 0 -10 -5 -30 0 5 10 0 0 -50 -50 0 0 0 0 1 0 0 -20 0 -2 10 20 0 0
-0.697514254596707: 0 0 -10 0 -20 -30 -2 0 2 50 0 0 -30 0 20 0 0 0 0 20 0 0 0 -30 20 5 10 -1
-0.7091421615734512: 0 0 -10 0 -20 -30 0 -5 2 50 0 0 -50 0 20 0 0 0 0 20 0 0 0 -30 20 2 10 -1
-0.7212825933756166: 0 -10 -5 0 -30 -30 10 -30 5 50 0 0 0 0 20 -1 0 0 0 20 0 0 0 -30 5 20 2 10
-0.7251585623678647: 0 -10 -5 0 -30 -30 10 -30 2 50 0 0 0 -50 20 -1 0 0 0 20 0 0 0 -30 5 20 5 10
-0.7251585623678647: 0 -10 -5 0 -30 -30 10 -30 2 50 0 0 0 -50 20 -1 0 0 0 20 0 0 0 -30 5 20 5 10
-0.7251585623678647: 0 -10 -5 0 -30 -30 10 -30 2 50 0 0 0 -50 20 -1 0 0 0 20 0 0 0 -30 5 20 5 10
-0.7251585623678647: 0 -10 -5 0 -30 -30 10 -30 2 50 0 0 0 -50 20 -1 0 0 0 20 0 0 0 -30 5 20 5 10
-0.7251585623678647: 0 -10 -5 0 -30 -30 10 -30 2 50 0 0 0 -50 20 -1 0 0 0 20 0 0 0 -30 5 20 5 10
-0.7251585623678647: 0 -10 -5 0 -30 -30 10 -30 2 50 0 0 0 -50 20 -1 0 0 0 20 0 0 0 -30 5 20 5 10
-0.7251585623678647: 0 -10 -5 0 -30 -30 10 -30 2 50 0 0 0 -50 20 -1 0 0 0 20 0 0 0 -30 5 20 5 10
-0.7251585623678647: 0 -10 -5 0 -30 -30 10 -30 2 50 0 0 0 -50 20 -1 0 0 0 20 0 0 0 -30 5 20 5 10
-0.7251585623678647: 0 -10 -5 0 -30 -30 10 -30 2 50 0 0 0 -50 20 -1 0 0 0 20 0 0 0 -30 5 20 5 10
-0.7251585623678647: 0 -10 -5 0 -30 -30 10 -30 2 50 0 0 0 -50 20 -1 0 0 0 20 0 0 0 -30 5 20 5 10
-0.7251585623678647: 0 -10 -5 0 -30 -30 10 -30 2 50 0 0 0 -50 20 -1 0 0 0 20 0 0 0 -30 5 20 5 10
-0.7251585623678647: 0 -10 -5 0 -30 -30 10 -30 2 50 0 0 0 -50 20 -1 0 0 0 20 0 0 0 -30 5 20 5 10
