TrainingAccuracy: 0.898
TestAccuracy: 0.819344374785565
infeasible
infeasible
infeasible
infeasible
infeasible
infeasible
infeasible
infeasible
no_sol
no_sol
no_sol
no_sol
no_sol
no_sol
no_sol
no_sol
no_sol
no_sol
0.22626434038641705: 0 -30 0 0 -20 0 2 -20 0 0 0 20 50 -5 2 -5 0 0 0 0 20 0 0 -50 -20 0 0 0 0 0 0 -2 -1 -1 30 2 -20
0.16610984426649697: 0 -50 -2 0 -20 0 10 -30 -20 0 0 20 20 -10 20 -10 0 0 0 0 50 2 0 0 -30 0 0 -50 -30 0 0 -10 0 0 30 2 -1
0.1627158791607007: 0 -50 -2 0 -20 0 10 -30 -20 0 0 20 20 -10 20 -10 0 0 0 0 50 2 0 -50 -30 0 0 -50 -30 0 0 -30 0 0 30 1 -1
0.15965777518516555: 0 -50 -2 0 -20 0 10 -50 -20 0 0 20 20 -10 20 -10 0 0 0 0 50 2 0 -50 -30 0 0 -50 -30 0 0 -30 0 0 30 2 -1
0.15249863004012654: 0 -20 -5 0 0 2 20 0 -10 -2 2 5 0 -50 5 -30 0 0 0 -10 50 -30 -50 -50 -50 0 0 0 50 0 0 0 -50 -5 20 5 -1
0.14977638719485248: 0 -20 -5 0 0 2 20 0 -10 -2 2 5 20 -50 5 -30 0 0 0 -10 50 -30 -10 -50 -50 0 0 0 50 0 0 0 -50 -5 20 5 -1
0.14977638719485248: 0 -20 -5 0 0 2 20 0 -10 -2 2 5 20 -50 5 -30 0 0 0 -10 50 -30 -10 -50 -50 0 0 0 50 0 0 0 -50 -5 20 5 -1
0.14977638719485248: 0 -20 -5 0 0 2 20 0 -10 -2 2 5 20 -50 5 -30 0 0 0 -10 50 -30 -10 -50 -50 0 0 0 50 0 0 0 -50 -5 20 5 -1
0.14977638719485248: 0 -20 -5 0 0 2 20 0 -10 -2 2 5 20 -50 5 -30 0 0 0 -10 50 -30 -10 -50 -50 0 0 0 50 0 0 0 -50 -5 20 5 -1
0.14977638719485248: 0 -20 -5 0 0 2 20 0 -10 -2 2 5 20 -50 5 -30 0 0 0 -10 50 -30 -10 -50 -50 0 0 0 50 0 0 0 -50 -5 20 5 -1
0.12904138162662848: 30 -30 -5 0 -20 0 2 -30 -20 -2 0 5 30 -10 20 -10 0 2 0 -10 50 -10 -50 0 -50 0 5 -50 -2 1 -10 5 0 -5 30 5 -30
0.12904138162662848: 30 -30 -5 0 -20 0 2 -30 -20 -2 0 5 30 -10 20 -10 0 2 0 -10 50 -10 -50 0 -50 0 5 -50 -2 1 -10 5 0 -5 30 5 -30
0.12904138162662848: 30 -30 -5 0 -20 0 2 -30 -20 -2 0 5 30 -10 20 -10 0 2 0 -10 50 -10 -50 0 -50 0 5 -50 -2 1 -10 5 0 -5 30 5 -30
0.12598327765109332: 0 -30 -5 0 -20 0 2 -20 -20 -2 0 10 30 -10 10 -5 0 2 0 -10 50 -10 -50 -2 -50 -5 0 -20 30 1 -10 0 5 -2 30 0 -30
0.12326103480581924: 30 -30 -5 0 -20 0 2 -30 -20 -2 1 5 30 -10 20 -20 0 2 0 -10 50 -10 -50 0 -50 0 5 -50 -2 1 -10 5 0 -5 30 5 -30
0.12326103480581924: 30 -30 -5 0 -20 0 2 -30 -20 -2 1 5 30 -10 20 -20 0 2 0 -10 50 -10 -50 0 -50 0 5 -50 -2 1 -10 5 0 -5 30 5 -30
0.12326103480581924: 30 -30 -5 0 -20 0 2 -30 -20 -2 1 5 30 -10 20 -20 0 2 0 -10 50 -10 -50 0 -50 0 5 -50 -2 1 -10 5 0 -5 30 5 -30
0.12326103480581924: 30 -30 -5 0 -20 0 2 -30 -20 -2 1 5 30 -10 20 -20 0 2 0 -10 50 -10 -50 0 -50 0 5 -50 -2 1 -10 5 0 -5 30 5 -30
0.12326103480581924: 30 -30 -5 0 -20 0 2 -30 -20 -2 1 5 30 -10 20 -20 0 2 0 -10 50 -10 -50 0 -50 0 5 -50 -2 1 -10 5 0 -5 30 5 -30
