TrainingAccuracy: 0.826
TestAccuracy: 0.7834226412534763
infeasible
infeasible
infeasible
infeasible
no_sol
no_sol
0.0635985465068482: 0 0 0 -30 -20 0 0 0 0 30 0 30 30 0 0 0 0 0 0 0 30 -50
-0.02879034512241241: 0 0 0 0 2 -1 0 -5 50 0 0 20 0 20 0 0 -30 0 0 0 0 -50
-0.0752889721961887: 0 0 0 0 0 2 0 -2 50 0 0 30 0 10 0 0 -10 0 0 5 -5 -50
-0.1027803811308966: 0 0 0 0 0 2 0 -2 50 50 0 30 0 0 0 0 -50 0 30 -20 -50 -50
-0.12805208898534998: 0 0 0 0 0 2 0 -2 50 50 0 5 0 30 50 0 -50 0 0 -10 -50 -50
-0.1417977934527039: 0 0 0 20 0 1 0 -1 30 50 5 0 -10 50 30 0 -50 0 0 0 -50 -50
-0.1588483861951035: 0 0 0 10 0 2 0 -1 30 20 10 0 0 20 20 0 -30 2 0 -10 -30 -30
-0.1594567487133955: -5 0 -10 0 -2 0 0 -10 10 20 2 0 0 20 5 0 -20 10 0 -5 -20 -1
-0.1594567487133955: -5 0 -10 0 -2 0 0 -10 10 20 2 0 0 20 5 0 -20 10 0 -5 -20 -1
-0.17111428994228778: 0 0 0 20 0 1 0 -2 50 30 5 20 -30 50 30 0 -50 10 0 -5 -50 -50
-0.17111428994228778: 0 0 0 20 0 1 0 -2 50 30 5 20 -30 50 30 0 -50 10 0 -5 -50 -50
-0.20043078643187162: -20 0 -50 0 0 2 0 -20 20 50 5 0 -10 50 10 0 -50 20 -2 -5 -50 -1
-0.20043078643187162: -20 0 -50 0 0 2 0 -20 20 50 5 0 -10 50 10 0 -50 20 -2 -5 -50 -1
-0.20043078643187162: -20 0 -50 0 0 2 0 -20 20 50 5 0 -10 50 10 0 -50 20 -2 -5 -50 -1
-0.20043078643187162: -20 0 -50 0 0 2 0 -20 20 50 5 0 -10 50 10 0 -50 20 -2 -5 -50 -1
-0.20043078643187162: -20 0 -50 0 0 2 0 -20 20 50 5 0 -10 50 10 0 -50 20 -2 -5 -50 -1
