TrainingAccuracy: 0.894
TestAccuracy: 0.8051838682511463
infeasible
no_sol
no_sol
no_sol
no_sol
no_sol
no_sol
no_sol
no_sol
no_sol
no_sol
no_sol
no_sol
0.21931818181818186: 0 -5 0 0 0 0 0 -50 0 -2 0 0 0 -5 5 5 0 -2 0 0 50 0 0 0 -50 -50 0 0 -5 0 0 0 0 0 5 50 1
0.21931818181818186: 0 -5 0 0 0 0 0 -50 0 -2 0 0 0 -5 5 5 0 -2 0 0 50 0 0 0 -50 -50 0 0 -5 0 0 0 0 0 5 50 1
0.21931818181818186: 0 -5 0 0 0 0 0 -50 0 -2 0 0 0 -5 5 5 0 -2 0 0 50 0 0 0 -50 -50 0 0 -5 0 0 0 0 0 5 50 1
0.21931818181818186: 0 -5 0 0 0 0 0 -50 0 -2 0 0 0 -5 5 5 0 -2 0 0 50 0 0 0 -50 -50 0 0 -5 0 0 0 0 0 5 50 1
0.21931818181818186: 0 -5 0 0 0 0 0 -50 0 -2 0 0 0 -5 5 5 0 -2 0 0 50 0 0 0 -50 -50 0 0 -5 0 0 0 0 0 5 50 1
-0.1647727272727273: -1 -50 0 0 0 0 0 -50 0 -30 0 10 -20 -30 10 2 0 -30 -5 0 50 0 0 0 -30 -20 20 0 5 0 -10 0 0 0 10 20 0
-0.17386363636363633: -1 -50 0 0 0 0 0 -50 0 -30 0 10 -20 -30 10 2 0 -30 -5 0 50 0 0 0 -30 -20 20 0 5 0 -10 -10 0 0 10 20 0
-0.18295454545454548: -1 -50 0 0 0 0 0 -50 0 -30 0 10 -20 -30 10 2 0 -30 -5 0 50 0 -20 0 -30 -20 20 0 5 0 -10 -20 0 0 10 20 0
-0.20227272727272727: 0 -50 0 0 0 0 0 -50 -30 0 5 30 10 0 10 5 0 -30 -5 -50 50 20 0 0 -10 -5 30 2 -2 0 -5 0 0 0 30 20 -50
-0.20227272727272727: 0 -50 0 0 0 0 0 -50 -30 0 5 30 10 0 10 5 0 -30 -5 -50 50 20 0 0 -10 -5 30 2 -2 0 -5 0 0 0 30 20 -50
-0.20227272727272727: 0 -50 0 0 0 0 0 -50 -30 0 5 30 10 0 10 5 0 -30 -5 -50 50 20 0 0 -10 -5 30 2 -2 0 -5 0 0 0 30 20 -50
-0.2284090909090909: 0 -50 0 0 -2 2 0 -50 -30 0 30 30 10 0 10 5 0 -20 0 -50 50 10 0 10 -20 -5 20 0 5 2 -5 0 -1 0 5 20 -50
-0.2284090909090909: 0 -50 0 0 -2 2 0 -50 -30 0 30 30 10 0 10 5 0 -20 0 -50 50 10 0 10 -20 -5 20 0 5 2 -5 0 -1 0 5 20 -50
-0.2284090909090909: 0 -50 0 0 -2 2 0 -50 -30 0 30 30 10 0 10 5 0 -20 0 -50 50 10 0 10 -20 -5 20 0 5 2 -5 0 -1 0 5 20 -50
-0.23750000000000004: 1 -50 0 0 -2 2 0 -50 -30 0 -5 30 10 2 10 5 0 -20 -2 -20 50 20 0 10 -20 -5 20 0 2 1 -10 0 0 2 30 20 -50
-0.2738636363636363: 1 -50 -1 2 -5 2 0 -50 -30 0 0 30 5 0 10 0 0 -30 -2 -30 50 20 0 10 -20 -5 30 0 0 1 -10 0 0 2 30 20 -50
-0.2738636363636363: 1 -50 -1 2 -5 2 0 -50 -30 0 0 30 5 0 10 0 0 -30 -2 -30 50 20 0 10 -20 -5 30 0 0 1 -10 0 0 2 30 20 -50
-0.2738636363636363: 1 -50 -1 2 -5 2 0 -50 -30 0 0 30 5 0 10 0 0 -30 -2 -30 50 20 0 10 -20 -5 30 0 0 1 -10 0 0 2 30 20 -50
-0.2738636363636363: 1 -50 -1 2 -5 2 0 -50 -30 0 0 30 5 0 10 0 0 -30 -2 -30 50 20 0 10 -20 -5 30 0 0 1 -10 0 0 2 30 20 -50
-0.2738636363636363: 1 -50 -1 2 -5 2 0 -50 -30 0 0 30 5 0 10 0 0 -30 -2 -30 50 20 0 10 -20 -5 30 0 0 1 -10 0 0 2 30 20 -50
-0.2738636363636363: 1 -50 -1 2 -5 2 0 -50 -30 0 0 30 5 0 10 0 0 -30 -2 -30 50 20 0 10 -20 -5 30 0 0 1 -10 0 0 2 30 20 -50
-0.2738636363636363: 1 -50 -1 2 -5 2 0 -50 -30 0 0 30 5 0 10 0 0 -30 -2 -30 50 20 0 10 -20 -5 30 0 0 1 -10 0 0 2 30 20 -50
-0.2738636363636363: 1 -50 -1 2 -5 2 0 -50 -30 0 0 30 5 0 10 0 0 -30 -2 -30 50 20 0 10 -20 -5 30 0 0 1 -10 0 0 2 30 20 -50
-0.2738636363636363: 1 -50 -1 2 -5 2 0 -50 -30 0 0 30 5 0 10 0 0 -30 -2 -30 50 20 0 10 -20 -5 30 0 0 1 -10 0 0 2 30 20 -50
