TrainingAccuracy: 0.868
TestAccuracy: 0.8180655625214435
infeasible
infeasible
infeasible
infeasible
infeasible
infeasible
no_sol
no_sol
no_sol
-0.6538461538461539: 0 0 20 0 0 0 0 20 0 -30 -20 0 0 -30 0 0 0 0 0 0 0 0 0 -30 0 0 0 0 -50 0 0 -30 0 0 30 0 1
-0.8290598290598291: 0 0 5 10 0 10 0 0 0 -20 -2 0 0 -50 0 0 0 0 0 0 0 0 0 -20 0 0 0 0 -50 0 0 -30 0 0 30 0 1
-0.8717948717948718: 0 0 0 5 -5 5 0 0 0 -10 0 10 0 -30 0 0 0 0 0 0 0 0 0 -20 0 0 0 2 -50 0 0 -30 0 0 30 30 0
-0.8974358974358975: 0 0 0 5 0 5 20 0 0 -10 0 0 0 -30 0 0 0 0 0 -20 0 -20 0 -30 0 0 0 0 -50 0 0 -30 0 0 30 20 1
-0.905982905982906: 5 0 0 30 0 0 20 -30 0 -20 0 0 0 -50 0 0 0 0 0 -30 0 -50 0 -30 0 0 0 0 -50 0 0 -30 -2 0 30 50 0
-0.9230769230769231: 0 0 20 30 0 0 20 -20 0 -30 0 0 0 -50 10 0 0 0 0 -30 0 -50 0 -30 0 0 0 0 -50 0 0 -50 0 0 20 30 1
-0.9230769230769231: 0 0 20 30 0 0 20 -20 0 -30 0 0 0 -50 10 0 0 0 0 -30 0 -50 0 -30 0 0 0 0 -50 0 0 -50 0 0 20 30 1
-0.9316239316239316: 5 0 0 20 10 0 5 -20 0 -10 0 5 20 -50 0 0 0 0 0 -20 0 -30 0 -30 0 0 0 0 -50 1 0 -50 0 0 30 30 0
-0.9316239316239316: 5 0 0 20 10 0 5 -20 0 -10 0 5 20 -50 0 0 0 0 0 -20 0 -30 0 -30 0 0 0 0 -50 1 0 -50 0 0 30 30 0
-0.9316239316239316: 5 0 0 20 10 0 5 -20 0 -10 0 5 20 -50 0 0 0 0 0 -20 0 -30 0 -30 0 0 0 0 -50 1 0 -50 0 0 30 30 0
-0.9487179487179487: 20 -2 0 0 0 5 20 0 5 -5 0 0 0 -30 0 0 0 5 2 -20 0 -20 0 -20 0 0 0 -1 -50 0 -2 -20 0 -2 20 30 -20
-0.9487179487179487: 20 -2 0 0 0 5 20 0 5 -5 0 0 0 -30 0 0 0 5 2 -20 0 -20 0 -20 0 0 0 -1 -50 0 -2 -20 0 -2 20 30 -20
-0.9658119658119658: 20 -5 0 0 -10 10 10 2 0 -10 0 0 0 -30 0 -10 0 0 0 -20 5 -5 0 -10 5 0 2 -1 -50 0 0 -20 0 -10 20 30 -20
-0.9658119658119658: 20 -5 0 0 -10 10 10 2 0 -10 0 0 0 -30 0 -10 0 0 0 -20 5 -5 0 -10 5 0 2 -1 -50 0 0 -20 0 -10 20 30 -20
-0.9658119658119658: 20 -5 0 0 -10 10 10 2 0 -10 0 0 0 -30 0 -10 0 0 0 -20 5 -5 0 -10 5 0 2 -1 -50 0 0 -20 0 -10 20 30 -20
-0.9658119658119658: 20 -5 0 0 -10 10 10 2 0 -10 0 0 0 -30 0 -10 0 0 0 -20 5 -5 0 -10 5 0 2 -1 -50 0 0 -20 0 -10 20 30 -20
-0.9658119658119658: 20 -5 0 0 -10 10 10 2 0 -10 0 0 0 -30 0 -10 0 0 0 -20 5 -5 0 -10 5 0 2 -1 -50 0 0 -20 0 -10 20 30 -20
-0.9743589743589743: 2 0 20 30 30 5 20 -20 0 -30 -20 -10 0 -50 30 -10 0 2 0 -50 0 -50 20 -30 0 2 0 50 -50 0 -10 -50 2 0 50 30 -50
-0.9743589743589743: 2 0 20 30 30 5 20 -20 0 -30 -20 -10 0 -50 30 -10 0 2 0 -50 0 -50 20 -30 0 2 0 50 -50 0 -10 -50 2 0 50 30 -50
-0.9743589743589743: 2 0 20 30 30 5 20 -20 0 -30 -20 -10 0 -50 30 -10 0 2 0 -50 0 -50 20 -30 0 2 0 50 -50 0 -10 -50 2 0 50 30 -50
-0.9743589743589743: 2 0 20 30 30 5 20 -20 0 -30 -20 -10 0 -50 30 -10 0 2 0 -50 0 -50 20 -30 0 2 0 50 -50 0 -10 -50 2 0 50 30 -50
-0.9743589743589743: 2 0 20 30 30 5 20 -20 0 -30 -20 -10 0 -50 30 -10 0 2 0 -50 0 -50 20 -30 0 2 0 50 -50 0 -10 -50 2 0 50 30 -50
-0.9743589743589743: 2 0 20 30 30 5 20 -20 0 -30 -20 -10 0 -50 30 -10 0 2 0 -50 0 -50 20 -30 0 2 0 50 -50 0 -10 -50 2 0 50 30 -50
-0.9829059829059829: 20 -5 0 5 2 5 10 -10 0 -5 10 5 5 -30 0 -2 0 2 2 -20 -2 -20 1 -20 5 0 5 1 -50 0 -5 -20 0 -10 20 20 -20
-0.9829059829059829: 20 -5 0 5 2 5 10 -10 0 -5 10 5 5 -30 0 -2 0 2 2 -20 -2 -20 1 -20 5 0 5 1 -50 0 -5 -20 0 -10 20 20 -20
-0.9829059829059829: 20 -5 0 5 2 5 10 -10 0 -5 10 5 5 -30 0 -2 0 2 2 -20 -2 -20 1 -20 5 0 5 1 -50 0 -5 -20 0 -10 20 20 -20
-0.9829059829059829: 20 -5 0 5 2 5 10 -10 0 -5 10 5 5 -30 0 -2 0 2 2 -20 -2 -20 1 -20 5 0 5 1 -50 0 -5 -20 0 -10 20 20 -20
-0.9829059829059829: 20 -5 0 5 2 5 10 -10 0 -5 10 5 5 -30 0 -2 0 2 2 -20 -2 -20 1 -20 5 0 5 1 -50 0 -5 -20 0 -10 20 20 -20
