TrainingAccuracy: 0.84
TestAccuracy: 0.7918673268669877
infeasible
infeasible
infeasible
no_sol
no_sol
no_sol
0.21982751345968846: 0 0 0 0 0 -30 0 0 50 30 0 30 0 0 0 0 0 0 -30 0 -50 -1
0.04425241768071424: 0 10 0 0 0 -50 0 -50 50 0 0 0 0 30 2 -20 0 0 0 0 0 -1
0.03388972338019611: 0 20 0 0 -5 -50 0 -50 50 0 0 0 0 30 2 -20 0 0 0 0 0 -1
0.019678992759615863: -30 2 0 0 0 -50 -2 -30 50 0 0 0 -30 50 0 -20 0 0 0 0 0 -1
0.009316298459097733: -5 -5 0 0 -2 -50 0 -50 50 0 0 2 -5 10 0 -2 0 0 0 0 0 1
-0.042058361884187614: -10 1 0 0 0 -50 0 -50 50 -2 -2 10 -50 50 0 -10 0 0 0 0 5 0
-0.055678385174933766: -30 -1 0 2 0 0 30 0 50 -5 0 10 -20 30 0 -30 0 0 0 10 20 -50
-0.055678385174933766: -30 -1 0 2 0 0 30 0 50 -5 0 10 -20 30 0 -30 0 0 0 10 20 -50
-0.055678385174933766: -30 -1 0 2 0 0 30 0 50 -5 0 10 -20 30 0 -30 0 0 0 10 20 -50
-0.06160233582555569: -10 2 0 5 0 -50 -30 -50 50 -10 0 10 -20 30 -2 -30 0 0 0 10 20 -1
-0.06160233582555569: -10 2 0 5 0 -50 -30 -50 50 -10 0 10 -20 30 -2 -30 0 0 0 10 20 -1
-0.0654503721456178: -20 0 0 0 0 -50 -30 -50 50 -5 0 2 -10 30 0 -20 -2 -5 -2 10 20 1
-0.08114630976692377: -20 -1 -50 5 -10 0 20 0 50 -30 10 30 -50 50 -2 -30 0 -20 0 30 30 -50
-0.08114630976692377: -20 -1 -50 5 -10 0 20 0 50 -30 10 30 -50 50 -2 -30 0 -20 0 30 30 -50
-0.08114630976692377: -20 -1 -50 5 -10 0 20 0 50 -30 10 30 -50 50 -2 -30 0 -20 0 30 30 -50
-0.095357040387504: -30 -5 -30 0 1 1 20 1 50 -20 -5 30 -30 20 5 -30 0 -10 2 20 30 -50
