TrainingAccuracy: 0.84
TestAccuracy: 0.7918673268669877
infeasible
infeasible
infeasible
infeasible
infeasible
no_sol
no_sol
no_sol
no_sol
no_sol
no_sol
-0.21331285547923243: -20 20 0 0 -2 -50 0 -20 50 0 30 0 -2 0 0 0 0 -5 0 5 -30 1
-0.21331285547923243: -20 20 0 0 -2 -50 0 -20 50 0 30 0 -2 0 0 0 0 -5 0 5 -30 1
-0.21331285547923243: -20 20 0 0 -2 -50 0 -20 50 0 30 0 -2 0 0 0 0 -5 0 5 -30 1
-0.21331285547923243: -20 20 0 0 -2 -50 0 -20 50 0 30 0 -2 0 0 0 0 -5 0 5 -30 1
-0.21331285547923243: -20 20 0 0 -2 -50 0 -20 50 0 30 0 -2 0 0 0 0 -5 0 5 -30 1
-0.21331285547923243: -20 20 0 0 -2 -50 0 -20 50 0 30 0 -2 0 0 0 0 -5 0 5 -30 1
-0.2781556429427351: 2 30 0 0 -2 -50 10 -20 50 30 0 30 -10 -2 0 0 -10 2 -10 2 -50 1
-0.2781556429427351: 2 30 0 0 -2 -50 10 -20 50 30 0 30 -10 -2 0 0 -10 2 -10 2 -50 1
-0.2781556429427351: 2 30 0 0 -2 -50 10 -20 50 30 0 30 -10 -2 0 0 -10 2 -10 2 -50 1
-0.2781556429427351: 2 30 0 0 -2 -50 10 -20 50 30 0 30 -10 -2 0 0 -10 2 -10 2 -50 1
-0.2781556429427351: 2 30 0 0 -2 -50 10 -20 50 30 0 30 -10 -2 0 0 -10 2 -10 2 -50 1
