TrainingAccuracy: 0.87
TestAccuracy: 0.812295312061383
infeasible
infeasible
infeasible
infeasible
infeasible
infeasible
no_sol
no_sol
no_sol
0.27857130088131715: 0 0 0 0 0 0 0 0 0 -30 0 0 0 -50 10 0 0 0 0 0 0 -20 0 -20 0 0 10 0 -2 0 0 -30 0 0 30 0 1
0.26648670873630204: 0 0 0 0 0 0 0 0 0 -30 0 0 0 -50 10 0 0 0 0 -50 0 -20 0 -20 0 0 10 0 -2 0 0 -50 0 0 30 0 1
0.19308532508625464: 0 0 0 5 -10 10 0 0 0 -20 0 0 0 -50 0 5 0 0 5 0 2 -50 0 -30 0 0 0 0 0 0 0 -50 0 0 50 0 0
0.14776810454244804: 0 0 0 10 0 10 -10 0 0 -20 0 0 0 -50 0 5 0 0 5 -50 -2 -30 0 -30 0 0 0 0 0 0 0 -20 0 0 50 0 0
0.14776810454244804: 0 0 0 10 0 10 -10 0 0 -20 0 0 0 -50 0 5 0 0 5 -50 -2 -30 0 -30 0 0 0 0 0 0 0 -20 0 0 50 0 0
0.14776810454244804: 0 0 0 10 0 10 -10 0 0 -20 0 0 0 -50 0 5 0 0 5 -50 -2 -30 0 -30 0 0 0 0 0 0 0 -20 0 0 50 0 0
0.14776810454244804: 0 0 0 10 0 10 -10 0 0 -20 0 0 0 -50 0 5 0 0 5 -50 -2 -30 0 -30 0 0 0 0 0 0 0 -20 0 0 50 0 0
0.04667584332934088: -1 0 5 2 0 0 -5 2 0 -10 0 0 5 -5 2 5 0 0 0 -50 20 0 0 0 0 0 0 0 10 0 0 -10 0 0 20 5 -20
0.040633547256833324: 1 0 5 0 0 0 -5 5 0 -20 -10 -2 0 -30 5 0 0 5 0 0 0 -30 -30 -30 0 0 0 0 20 0 10 -20 0 0 30 10 0
0.03748726291138563: 1 0 5 0 0 0 -5 5 0 -20 -10 -2 0 -30 2 0 0 5 0 -50 0 -30 -50 -30 0 0 0 0 20 0 10 -20 0 0 30 10 0
0.03748726291138563: 1 0 5 0 0 0 -5 5 0 -20 -10 -2 0 -30 2 0 0 5 0 -50 0 -30 -50 -30 0 0 0 0 20 0 10 -20 0 0 30 10 0
0.03748726291138563: 1 0 5 0 0 0 -5 5 0 -20 -10 -2 0 -30 2 0 0 5 0 -50 0 -30 -50 -30 0 0 0 0 20 0 10 -20 0 0 30 10 0
0.03748726291138563: 1 0 5 0 0 0 -5 5 0 -20 -10 -2 0 -30 2 0 0 5 0 -50 0 -30 -50 -30 0 0 0 0 20 0 10 -20 0 0 30 10 0
0.03748726291138563: 1 0 5 0 0 0 -5 5 0 -20 -10 -2 0 -30 2 0 0 5 0 -50 0 -30 -50 -30 0 0 0 0 20 0 10 -20 0 0 30 10 0
0.03144496683887807: 0 -5 5 0 -20 0 0 5 5 -10 0 0 5 -10 0 5 0 -2 2 -50 0 -20 -50 -30 0 0 2 -2 10 2 5 -20 0 0 30 0 -1
0.03144496683887807: 0 -5 5 0 -20 0 0 5 5 -10 0 0 5 -10 0 5 0 -2 2 -50 0 -20 -50 -30 0 0 2 -2 10 2 5 -20 0 0 30 0 -1
0.03144496683887807: 0 -5 5 0 -20 0 0 5 5 -10 0 0 5 -10 0 5 0 -2 2 -50 0 -20 -50 -30 0 0 2 -2 10 2 5 -20 0 0 30 0 -1
0.03144496683887807: 0 -5 5 0 -20 0 0 5 5 -10 0 0 5 -10 0 5 0 -2 2 -50 0 -20 -50 -30 0 0 2 -2 10 2 5 -20 0 0 30 0 -1
0.016964908203578877: 0 -10 2 5 0 0 -2 -5 10 -20 -10 -2 1 -30 2 5 0 5 0 -20 5 -20 -10 -20 0 0 5 -5 10 0 10 -20 1 5 20 10 0
0.016964908203578877: 0 -10 2 5 0 0 -2 -5 10 -20 -10 -2 1 -30 2 5 0 5 0 -20 5 -20 -10 -20 0 0 5 -5 10 0 10 -20 1 5 20 10 0
0.004880316058563788: -5 -10 2 5 -2 0 -2 1 10 -20 -5 -2 2 -30 -1 5 0 0 2 -50 30 0 20 -10 0 0 10 -20 -1 -1 10 -20 -5 0 30 10 0
0.004880316058563788: -5 -10 2 5 -2 0 -2 1 10 -20 -5 -2 2 -30 -1 5 0 0 2 -50 30 0 20 -10 0 0 10 -20 -1 -1 10 -20 -5 0 30 10 0
0.004880316058563788: -5 -10 2 5 -2 0 -2 1 10 -20 -5 -2 2 -30 -1 5 0 0 2 -50 30 0 20 -10 0 0 10 -20 -1 -1 10 -20 -5 0 30 10 0
0.004880316058563788: -5 -10 2 5 -2 0 -2 1 10 -20 -5 -2 2 -30 -1 5 0 0 2 -50 30 0 20 -10 0 0 10 -20 -1 -1 10 -20 -5 0 30 10 0
-0.0009117073955558497: 30 -20 0 5 -5 -1 -5 2 20 -30 -10 -5 -2 -50 0 10 0 2 5 -50 20 -20 -30 -20 0 0 10 -50 -20 -1 20 -30 -5 -5 30 20 10
-0.0009117073955558497: 30 -20 0 5 -5 -1 -5 2 20 -30 -10 -5 -2 -50 0 10 0 2 5 -50 20 -20 -30 -20 0 0 10 -50 -20 -1 20 -30 -5 -5 30 20 10
-0.0009117073955558497: 30 -20 0 5 -5 -1 -5 2 20 -30 -10 -5 -2 -50 0 10 0 2 5 -50 20 -20 -30 -20 0 0 10 -50 -20 -1 20 -30 -5 -5 30 20 10
-0.0009117073955558497: 30 -20 0 5 -5 -1 -5 2 20 -30 -10 -5 -2 -50 0 10 0 2 5 -50 20 -20 -30 -20 0 0 10 -50 -20 -1 20 -30 -5 -5 30 20 10
