TrainingAccuracy: 0.87
TestAccuracy: 0.812295312061383
infeasible
infeasible
infeasible
infeasible
infeasible
0.19220937092189705: 0 0 0 0 0 0 0 0 0 -20 0 0 0 -50 0 0 0 0 0 0 20 0 0 0 -20 0 0 0 0 0 0 0 0 0 30 0 -1
0.07990847172813242: 0 0 0 0 0 0 0 0 0 -20 0 0 0 -30 0 0 0 0 0 0 50 0 0 0 0 0 0 -30 0 0 0 -20 0 0 5 0 -2
0.05573928743810219: 0 0 0 0 -30 0 0 0 0 -10 0 0 0 -20 0 0 0 0 0 0 30 0 0 0 0 0 0 -20 0 0 0 -10 0 0 30 0 -1
0.03773753552977352: 0 0 20 20 0 0 0 0 0 -30 0 0 0 -50 0 0 0 0 0 0 50 0 0 0 0 0 0 -30 0 -30 0 -50 0 0 50 0 0
0.022631795348504624: -1 -30 0 0 -50 0 0 0 0 -30 0 0 0 -30 0 0 0 0 0 0 50 0 0 0 0 0 0 -30 0 0 10 -30 0 0 50 0 0
0.01709004451277285: -1 0 0 0 -30 0 0 0 0 -30 -20 0 0 -50 0 0 0 0 0 0 50 0 0 0 0 0 2 -30 0 0 10 -30 0 0 50 0 0
0.01709004451277285: -1 0 0 0 -30 0 0 0 0 -30 -20 0 0 -50 0 0 0 0 0 0 50 0 0 0 0 0 2 -30 0 0 10 -30 0 0 50 0 0
-0.0009117073955558497: 0 -30 0 -5 -20 0 0 10 0 -20 -5 0 0 -20 0 0 0 0 5 0 30 0 0 0 0 0 0 -20 0 -2 0 -30 0 0 30 0 0
-0.0009117073955558497: 0 -30 0 -5 -20 0 0 10 0 -20 -5 0 0 -20 0 0 0 0 5 0 30 0 0 0 0 0 0 -20 0 -2 0 -30 0 0 30 0 0
-0.022310016267720195: 2 -10 0 0 0 0 0 -30 0 -30 -20 -20 0 -30 0 0 0 0 0 -30 50 0 0 0 0 0 10 -30 0 -5 0 -50 0 0 50 5 0
-0.025706573231555813: 0 -10 0 0 -20 2 0 0 10 -30 -20 -20 0 -50 0 0 0 0 2 0 50 0 0 0 0 2 0 -30 0 -5 0 -50 0 0 50 5 0
-0.030998051448899694: 0 0 10 0 -30 0 -5 10 5 -30 -20 -20 0 -50 0 0 0 0 -5 0 50 0 0 0 0 0 0 -30 2 -1 0 -50 0 0 50 5 0
-0.03124832406728756: 0 2 10 0 -30 0 -5 -30 5 -30 -20 -20 0 -50 0 0 0 0 -5 -30 50 0 0 0 0 0 0 -30 2 -1 0 -50 0 0 50 0 0
-0.042582098357139025: 0 -20 -5 0 -20 0 -10 10 20 -30 -10 -5 0 -50 -10 0 0 0 0 0 50 20 0 0 0 0 0 -30 0 0 10 -20 0 0 50 20 -2
-0.04597865532097464: 0 -20 -5 0 -20 0 -10 0 20 -30 -20 -5 0 -50 -10 0 0 10 0 -50 50 0 0 0 0 0 0 -30 10 0 10 -20 0 0 50 10 -2
-0.04597865532097464: 0 -20 -5 0 -20 0 -10 0 20 -30 -20 -5 0 -50 -10 0 0 10 0 -50 50 0 0 0 0 0 0 -30 10 0 10 -20 0 0 50 10 -2
-0.04597865532097464: 0 -20 -5 0 -20 0 -10 0 20 -30 -20 -5 0 -50 -10 0 0 10 0 -50 50 0 0 0 0 0 0 -30 10 0 10 -20 0 0 50 10 -2
-0.048874667048034476: 0 -10 -5 0 0 2 0 -20 10 -30 -20 -20 0 -50 -2 2 0 0 0 -10 50 0 5 20 -2 0 5 -30 0 0 10 -30 0 0 30 10 -1
-0.048874667048034476: 0 -10 -5 0 0 2 0 -20 10 -30 -20 -20 0 -50 -2 2 0 0 0 -10 50 0 5 20 -2 0 5 -30 0 0 10 -30 0 0 30 10 -1
-0.048874667048034476: 0 -10 -5 0 0 2 0 -20 10 -30 -20 -20 0 -50 -2 2 0 0 0 -10 50 0 5 20 -2 0 5 -30 0 0 10 -30 0 0 30 10 -1
-0.048874667048034476: 0 -10 -5 0 0 2 0 -20 10 -30 -20 -20 0 -50 -2 2 0 0 0 -10 50 0 5 20 -2 0 5 -30 0 0 10 -30 0 0 30 10 -1
-0.048874667048034476: 0 -10 -5 0 0 2 0 -20 10 -30 -20 -20 0 -50 -2 2 0 0 0 -10 50 0 5 20 -2 0 5 -30 0 0 10 -30 0 0 30 10 -1
-0.051019860919930604: 0 -20 0 -5 -20 0 -20 2 5 -30 -20 0 10 -50 5 10 0 10 0 -50 50 10 0 0 1 1 -1 -30 2 0 10 -30 0 -2 50 10 -2
-0.05466669050215414: 0 -20 -5 2 -20 0 -10 -10 10 -20 -10 -5 10 -50 -10 0 0 -2 0 -50 50 10 50 0 1 -2 1 -30 -5 -2 10 -30 0 -5 50 5 0
-0.05466669050215414: 0 -20 -5 2 -20 0 -10 -10 10 -20 -10 -5 10 -50 -10 0 0 -2 0 -50 50 10 50 0 1 -2 1 -30 -5 -2 10 -30 0 -5 50 5 0
-0.05466669050215414: 0 -20 -5 2 -20 0 -10 -10 10 -20 -10 -5 10 -50 -10 0 0 -2 0 -50 50 10 50 0 1 -2 1 -30 -5 -2 10 -30 0 -5 50 5 0
-0.06045871395627381: 0 -10 -5 2 -20 0 -10 -2 10 -20 -10 -5 10 -50 -10 0 0 0 -2 -50 50 5 50 5 5 0 0 -30 -2 -5 10 -30 1 -10 50 10 0
-0.06045871395627381: 0 -10 -5 2 -20 0 -10 -2 10 -20 -10 -5 10 -50 -10 0 0 0 -2 -50 50 5 50 5 5 0 0 -30 -2 -5 10 -30 1 -10 50 10 0
-0.06914674913745328: -1 -5 5 20 -2 2 -10 5 10 -30 -10 2 10 -50 -10 2 0 5 -2 -50 30 -30 20 -20 0 -5 0 -50 -10 0 30 -20 -30 -30 50 30 50
-0.06914674913745328: -1 -5 5 20 -2 2 -10 5 10 -30 -10 2 10 -50 -10 2 0 5 -2 -50 30 -30 20 -20 0 -5 0 -50 -10 0 30 -20 -30 -30 50 30 50
-0.06914674913745328: -1 -5 5 20 -2 2 -10 5 10 -30 -10 2 10 -50 -10 2 0 5 -2 -50 30 -30 20 -20 0 -5 0 -50 -10 0 30 -20 -30 -30 50 30 50
-0.06914674913745328: -1 -5 5 20 -2 2 -10 5 10 -30 -10 2 10 -50 -10 2 0 5 -2 -50 30 -30 20 -20 0 -5 0 -50 -10 0 30 -20 -30 -30 50 30 50
