TrainingAccuracy: 0.71
TestAccuracy: 0.6589216562406911
infeasible
no_sol
no_sol
no_sol
no_sol
no_sol
-0.31272362959782457: 0 0 -20 0 -20 -50 0 0 30 0 0 0 0 0 0 0 0 0 0 50 0 0 0 0 30 30 0 0
-0.5407184771718907: 0 0 0 0 -30 0 -5 -30 0 2 0 0 0 0 0 -1 0 0 0 50 0 0 0 0 30 5 0 0
-0.5642622012308574: 0 50 -5 0 0 0 -30 0 -30 50 0 0 0 0 0 0 0 0 1 50 0 0 -50 0 0 30 0 0
-0.5936739659367396: 0 20 -10 0 0 0 -50 0 -10 50 0 0 0 0 -50 0 0 0 0 30 0 0 -50 0 0 50 0 5
-0.6303850007156147: 0 0 5 -10 0 0 -50 30 -2 20 0 0 0 0 -30 1 0 0 0 20 0 0 -20 0 0 20 0 0
-0.6867038786317446: 30 0 -2 0 -10 0 -50 30 -5 20 0 0 0 0 -20 1 0 0 0 20 0 0 -10 0 0 20 0 0
-0.7086016888507228: 30 0 -5 2 -10 0 -50 30 -2 20 0 0 0 0 -20 0 0 0 1 20 0 0 -10 0 0 20 0 0
-0.7086016888507228: 30 0 -5 2 -10 0 -50 30 -2 20 0 0 0 0 -20 0 0 0 1 20 0 0 -10 0 0 20 0 0
-0.7086016888507228: 30 0 -5 2 -10 0 -50 30 -2 20 0 0 0 0 -20 0 0 0 1 20 0 0 -10 0 0 20 0 0
-0.7086016888507228: 30 0 -5 2 -10 0 -50 30 -2 20 0 0 0 0 -20 0 0 0 1 20 0 0 -10 0 0 20 0 0
-0.7086016888507228: 30 0 -5 2 -10 0 -50 30 -2 20 0 0 0 0 -20 0 0 0 1 20 0 0 -10 0 0 20 0 0
-0.7086016888507228: 30 0 -5 2 -10 0 -50 30 -2 20 0 0 0 0 -20 0 0 0 1 20 0 0 -10 0 0 20 0 0
-0.7086016888507228: 30 0 -5 2 -10 0 -50 30 -2 20 0 0 0 0 -20 0 0 0 1 20 0 0 -10 0 0 20 0 0
-0.7086016888507228: 30 0 -5 2 -10 0 -50 30 -2 20 0 0 0 0 -20 0 0 0 1 20 0 0 -10 0 0 20 0 0
-0.7086016888507228: 30 0 -5 2 -10 0 -50 30 -2 20 0 0 0 0 -20 0 0 0 1 20 0 0 -10 0 0 20 0 0
-0.7086016888507228: 30 0 -5 2 -10 0 -50 30 -2 20 0 0 0 0 -20 0 0 0 1 20 0 0 -10 0 0 20 0 0
-0.7086016888507228: 30 0 -5 2 -10 0 -50 30 -2 20 0 0 0 0 -20 0 0 0 1 20 0 0 -10 0 0 20 0 0
-0.7086016888507228: 30 0 -5 2 -10 0 -50 30 -2 20 0 0 0 0 -20 0 0 0 1 20 0 0 -10 0 0 20 0 0
-0.7086016888507228: 30 0 -5 2 -10 0 -50 30 -2 20 0 0 0 0 -20 0 0 0 1 20 0 0 -10 0 0 20 0 0
-0.7086016888507228: 30 0 -5 2 -10 0 -50 30 -2 20 0 0 0 0 -20 0 0 0 1 20 0 0 -10 0 0 20 0 0
-0.7086016888507228: 30 0 -5 2 -10 0 -50 30 -2 20 0 0 0 0 -20 0 0 0 1 20 0 0 -10 0 0 20 0 0
-0.7086016888507228: 30 0 -5 2 -10 0 -50 30 -2 20 0 0 0 0 -20 0 0 0 1 20 0 0 -10 0 0 20 0 0
