TrainingAccuracy: 0.702
TestAccuracy: 0.6621983914209115
infeasible
infeasible
infeasible
infeasible
0.26122017952287235: 30 0 0 0 0 0 0 0 0 0 0 0 -20 0 0 0 0 0 -2 0 0 0 0 0 10 0 0 1
0.16923470775532407: 50 0 0 0 0 0 -30 0 20 0 0 0 0 0 20 -30 0 0 0 0 0 0 0 0 50 0 0 0
0.10089761436182981: 50 0 -5 20 0 0 0 0 0 0 10 0 0 0 0 1 0 0 -30 0 0 0 0 0 30 0 0 0
0.028448455175282772: 5 0 5 5 0 0 0 0 -2 -5 0 0 0 0 0 -2 0 0 0 0 0 0 0 -2 10 0 0 0
0.003808060928974788: 30 0 0 0 0 0 -30 0 10 -10 0 0 -30 0 0 0 0 0 0 0 0 0 -5 0 0 30 -5 1
-0.06697707163314615: 50 0 5 5 0 0 -5 0 -2 -5 0 0 -5 0 0 -2 0 0 0 0 0 0 0 -2 10 0 0 0
-0.07504120065921055: 50 0 30 5 0 0 0 -30 -2 -30 0 0 -30 0 0 -2 0 0 0 0 0 0 0 -2 30 5 0 0
-0.07625722011552183: 50 0 0 0 -2 -2 -30 0 30 -30 2 0 -50 0 0 0 0 0 0 2 0 0 -30 0 50 0 0 1
-0.09145746331941312: 50 0 -2 10 0 -10 -2 0 20 -20 0 0 -30 0 0 0 0 0 -10 0 0 0 -2 0 2 30 0 1
-0.1319381110097761: 50 0 -5 0 -10 -20 0 -20 20 -30 0 0 -50 0 0 2 0 0 0 5 0 0 0 20 20 30 -10 0
-0.14809836957391315: 50 0 -2 5 -10 -10 0 -10 20 -30 0 0 -50 0 0 0 0 0 -5 0 0 0 0 20 20 30 -10 1
-0.14809836957391315: 50 0 -2 5 -10 -10 0 -10 20 -30 0 0 -50 0 0 0 0 0 -5 0 0 0 0 20 20 30 -10 1
-0.15201843229491668: 50 2 -2 5 -20 -2 -20 -10 20 -30 1 0 -50 0 0 0 0 0 0 -2 0 0 0 20 30 30 -5 0
-0.15201843229491668: 50 2 -2 5 -20 -2 -20 -10 20 -30 1 0 -50 0 0 0 0 0 0 -2 0 0 0 20 30 30 -5 0
-0.15510648170370728: 50 0 10 20 0 -5 -10 -20 -2 -30 0 50 -30 0 20 5 0 0 -2 -5 30 0 0 -2 30 30 -20 0
-0.1960991375862014: 50 20 0 30 -30 5 -20 -20 30 -30 20 10 -50 0 30 -2 0 -50 0 0 0 0 -30 0 5 50 -10 1
-0.22752364037824607: 50 20 2 2 0 -20 -30 2 30 -5 50 0 -30 50 30 -1 0 -50 0 5 0 0 -50 -20 2 30 0 -10
-0.2355557688923023: 50 10 5 2 0 -20 -30 5 30 -10 50 50 -30 50 30 0 0 -50 -10 0 -5 0 -50 -20 2 30 0 -1
-0.24352389638234212: 50 20 -2 10 -5 -20 -20 2 20 -30 20 0 -50 30 10 0 0 -50 0 10 0 30 -30 -2 10 30 5 1
-0.25155602489639833: 50 20 -2 10 -5 -20 -20 2 20 -30 20 50 -50 30 10 0 0 -50 0 10 0 30 -30 -2 10 30 5 1
-0.25155602489639833: 50 20 -2 10 -5 -20 -20 2 20 -30 20 30 -50 30 10 0 0 -50 0 10 0 50 -30 -2 10 30 5 1
-0.2515880254084066: 50 30 -2 10 -5 -20 -20 2 20 -20 30 50 -50 30 20 -1 1 -50 -5 2 0 30 -30 -5 10 30 2 0
-0.25165202643242296: 50 20 -5 10 -2 -10 -20 5 20 -30 10 50 -50 10 5 -2 0 -50 -10 5 1 30 -20 -2 5 30 5 10
-0.25165202643242296: 50 20 -5 10 -2 -10 -20 5 20 -30 10 50 -50 10 5 -2 0 -50 -10 5 1 30 -20 -2 5 30 5 10
