TrainingAccuracy: 0.732
TestAccuracy: 0.6459636580280012
infeasible
no_sol
no_sol
no_sol
no_sol
no_sol
-0.36633249791144534: 0 0 20 0 -30 0 -50 0 0 0 -30 0 0 0 0 0 0 0 0 0 0 0 0 0 20 50 20 0
-0.4465329991645781: 0 0 -2 0 -10 -20 0 0 0 10 0 0 0 0 0 -1 0 0 0 0 0 0 0 2 0 50 5 0
-0.4678362573099415: 0 0 0 -20 2 -50 0 0 0 20 0 0 0 0 0 -1 0 0 0 0 0 0 -5 0 20 50 10 0
-0.5196324143692566: 0 0 0 5 -30 -50 -50 0 0 30 0 0 0 0 0 0 0 0 0 0 0 0 -10 0 50 50 20 -2
-0.5371762740183793: 0 0 0 0 -20 -20 -50 0 10 30 0 0 0 0 0 -10 0 0 0 0 0 0 -10 0 30 50 2 -1
-0.5547201336675021: 50 0 0 2 -5 -30 -30 0 0 5 0 0 0 0 -50 0 0 0 0 0 0 0 -2 0 30 30 2 -1
-0.5547201336675021: 50 0 0 2 -5 -30 -30 0 0 5 0 0 0 0 -50 0 0 0 0 0 0 0 -2 0 30 30 2 -1
-0.5547201336675021: 50 0 0 2 -5 -30 -30 0 0 5 0 0 0 0 -50 0 0 0 0 0 0 0 -2 0 30 30 2 -1
-0.5547201336675021: 50 0 0 2 -5 -30 -30 0 0 5 0 0 0 0 -50 0 0 0 0 0 0 0 -2 0 30 30 2 -1
-0.5547201336675021: 50 0 0 2 -5 -30 -30 0 0 5 0 0 0 0 -50 0 0 0 0 0 0 0 -2 0 30 30 2 -1
-0.5889724310776943: 50 0 -2 -10 -5 -30 -30 0 2 20 0 0 0 10 -50 1 0 0 -5 -2 0 0 -5 0 30 20 5 0
-0.6040100250626567: 50 -20 -2 -5 -20 -10 -50 0 10 20 -2 0 0 10 -30 1 0 0 0 10 0 -50 0 0 20 30 -2 0
-0.6215538847117794: 10 -30 0 -5 -20 -10 -50 0 10 20 -2 0 10 10 -30 1 -2 0 0 20 0 -50 0 0 20 30 -2 0
-0.6382623224728488: 2 -20 -2 -5 -20 -10 -50 0 10 20 -2 0 5 10 -50 1 0 0 0 10 0 -50 2 0 20 30 -5 0
-0.6382623224728488: 2 -20 -2 -5 -20 -10 -50 0 10 20 -2 0 5 10 -50 1 0 0 0 10 0 -50 2 0 20 30 -5 0
-0.6382623224728488: 2 -20 -2 -5 -20 -10 -50 0 10 20 -2 0 5 10 -50 1 0 0 0 10 0 -50 2 0 20 30 -5 0
-0.6541353383458646: -2 -20 -2 -5 -20 -10 -50 0 10 20 -5 0 5 5 -50 0 0 0 -2 10 1 -50 -5 -2 20 20 -5 10
-0.6541353383458646: -2 -20 -2 -5 -20 -10 -50 0 10 20 -5 0 5 5 -50 0 0 0 -2 10 1 -50 -5 -2 20 20 -5 10
-0.6541353383458646: -2 -20 -2 -5 -20 -10 -50 0 10 20 -5 0 5 5 -50 0 0 0 -2 10 1 -50 -5 -2 20 20 -5 10
-0.6541353383458646: -2 -20 -2 -5 -20 -10 -50 0 10 20 -5 0 5 5 -50 0 0 0 -2 10 1 -50 -5 -2 20 20 -5 10
-0.6541353383458646: -2 -20 -2 -5 -20 -10 -50 0 10 20 -5 0 5 5 -50 0 0 0 -2 10 1 -50 -5 -2 20 20 -5 10
-0.6541353383458646: -2 -20 -2 -5 -20 -10 -50 0 10 20 -5 0 5 5 -50 0 0 0 -2 10 1 -50 -5 -2 20 20 -5 10
