TrainingAccuracy: 0.718
TestAccuracy: 0.6492403932082216
infeasible
no_sol
no_sol
no_sol
-0.22365196078431376: 0 0 0 0 0 -20 0 0 2 0 0 0 -30 0 0 0 0 0 0 0 0 0 0 0 0 30 0 -1
-0.4087009803921568: 0 0 0 0 -20 -30 0 0 20 5 0 0 0 0 0 -2 0 0 0 0 0 0 0 0 30 0 0 0
-0.5931372549019609: 0 0 0 0 -20 -30 0 0 10 50 0 0 0 0 0 0 0 0 -2 0 0 0 0 -30 30 0 0 0
-0.7181372549019608: 0 0 0 0 -20 -30 0 0 5 50 0 0 0 0 0 -1 0 0 -2 0 0 0 0 -30 20 0 0 0
-0.7328431372549019: 0 0 -2 0 -20 -30 0 0 5 50 0 0 0 0 0 -1 0 0 0 0 0 0 0 -30 20 0 2 0
-0.7493872549019608: 0 0 -2 0 -20 -30 0 0 2 50 0 0 0 0 0 -1 0 0 0 0 0 0 0 -30 20 0 2 0
-0.7493872549019608: 0 0 -2 0 -20 -30 0 0 2 50 0 0 0 0 0 -1 0 0 0 0 0 0 0 -30 20 0 2 0
-0.7640931372549019: 0 0 -5 0 -30 -20 0 -30 5 50 0 0 0 0 0 0 0 0 0 5 0 0 0 -20 2 30 2 -1
-0.7849264705882353: 0 0 -5 0 -30 -20 0 -30 5 50 0 0 0 0 0 0 0 -10 0 5 0 0 0 -20 2 30 2 -1
-0.7953431372549019: 0 0 -5 0 -30 -20 0 -30 5 50 0 0 0 0 0 0 -30 -10 0 5 0 0 0 -20 2 30 2 -1
-0.8057598039215687: 0 0 -5 0 -30 -20 0 -30 5 50 0 0 0 -30 0 0 -30 0 0 5 -30 0 0 -20 2 30 2 -1
-0.8057598039215687: 0 0 -5 0 -30 -20 0 -30 5 50 0 0 0 -30 0 0 -30 0 0 5 -30 0 0 -20 2 30 2 -1
-0.8057598039215687: 0 0 -5 0 -30 -20 0 -30 5 50 0 0 0 -30 0 0 -30 0 0 5 -30 0 0 -20 2 30 2 -1
-0.8057598039215687: 0 0 -5 0 -30 -20 0 -30 5 50 0 0 0 -30 0 0 -30 0 0 5 -30 0 0 -20 2 30 2 -1
-0.8057598039215687: 0 0 -5 0 -30 -20 0 -30 5 50 0 0 0 -30 0 0 -30 0 0 5 -30 0 0 -20 2 30 2 -1
-0.8057598039215687: 0 0 -5 0 -30 -20 0 -30 5 50 0 0 0 -30 0 0 -30 0 0 5 -30 0 0 -20 2 30 2 -1
-0.8057598039215687: 0 0 -5 0 -30 -20 0 -30 5 50 0 0 0 -30 0 0 -30 0 0 5 -30 0 0 -20 2 30 2 -1
-0.8057598039215687: 0 0 -5 0 -30 -20 0 -30 5 50 0 0 0 -30 0 0 -30 0 0 5 -30 0 0 -20 2 30 2 -1
-0.8057598039215687: 0 0 -5 0 -30 -20 0 -30 5 50 0 0 0 -30 0 0 -30 0 0 5 -30 0 0 -20 2 30 2 -1
-0.8057598039215687: 0 0 -5 0 -30 -20 0 -30 5 50 0 0 0 -30 0 0 -30 0 0 5 -30 0 0 -20 2 30 2 -1
-0.8057598039215687: 0 0 -5 0 -30 -20 0 -30 5 50 0 0 0 -30 0 0 -30 0 0 5 -30 0 0 -20 2 30 2 -1
-0.8057598039215687: 0 0 -5 0 -30 -20 0 -30 5 50 0 0 0 -30 0 0 -30 0 0 5 -30 0 0 -20 2 30 2 -1
-0.8057598039215687: 0 0 -5 0 -30 -20 0 -30 5 50 0 0 0 -30 0 0 -30 0 0 5 -30 0 0 -20 2 30 2 -1
-0.8057598039215687: 0 0 -5 0 -30 -20 0 -30 5 50 0 0 0 -30 0 0 -30 0 0 5 -30 0 0 -20 2 30 2 -1
