TrainingAccuracy: 0.724
TestAccuracy: 0.6444742329460829
no_sol
no_sol
no_sol
no_sol
no_sol
no_sol
0.17752715121136164: 0 0 30 0 -20 0 -20 0 0 0 30 0 0 0 0 0 0 0 -20 0 0 -50 0 0 0 50 0 0
0.11695906432748537: 0 -10 0 0 -20 -30 0 0 10 0 10 0 0 0 0 0 0 0 0 30 0 0 0 0 0 50 0 2
0.06766917293233077: 0 0 0 5 -30 0 -30 0 10 0 20 0 0 0 0 0 0 0 0 20 0 -30 0 0 0 50 0 -1
0.02631578947368418: 0 20 10 5 0 0 0 0 10 -10 10 0 0 0 0 0 0 0 -20 0 0 0 -5 0 0 50 0 -2
-0.0008354218880534114: 0 0 30 5 -50 0 -50 0 -10 0 50 0 0 0 0 0 0 0 0 0 0 0 0 5 30 30 -10 1
-0.06766917293233077: 0 0 50 10 -50 0 -50 0 -20 -30 50 0 0 0 0 0 0 0 0 0 0 0 0 10 50 50 -30 1
-0.08688387635756056: 0 0 50 10 -50 0 -50 0 -20 -30 50 0 0 0 50 0 0 0 0 0 0 0 0 10 50 50 -20 1
-0.11487050960735168: 0 0 50 -10 -30 0 -50 0 -5 -20 50 0 0 0 50 2 0 0 0 0 -10 0 -20 0 50 30 -20 0
-0.1336675020885547: 0 10 30 2 -30 0 -30 0 -5 -30 30 0 0 0 30 2 -10 0 0 0 0 0 0 2 50 30 -20 0
-0.1336675020885547: 0 10 30 2 -30 0 -30 0 -5 -30 30 0 0 0 30 2 -10 0 0 0 0 0 0 2 50 30 -20 0
-0.14118629908103586: 5 10 50 -20 -20 0 -50 0 -5 -30 50 0 0 0 50 1 0 0 0 -10 0 -30 -20 0 50 50 -20 0
-0.14828738512949036: 10 -5 50 -10 -30 0 -50 0 -5 -30 50 0 0 0 50 1 -2 0 0 -10 0 -20 -10 0 50 50 -20 0
-0.16416040100250617: 0 10 50 -20 -20 0 -50 0 -20 -30 50 0 0 5 50 5 -20 0 5 0 0 -30 -20 0 50 50 -30 1
-0.16416040100250617: 0 10 50 -20 -20 0 -50 0 -20 -30 50 0 0 5 50 5 -20 0 5 0 0 -30 -20 0 50 50 -30 1
-0.22389306599832914: 30 -10 20 0 -30 -2 -50 -5 20 -30 20 0 2 0 20 0 0 0 5 20 0 -50 -30 5 30 50 10 -1
-0.23182957393483705: 20 -10 20 0 -30 -2 -50 -5 20 -30 20 0 2 0 20 -1 -10 0 5 20 0 -50 -30 5 30 50 10 0
-0.23182957393483705: 20 -10 20 0 -30 -2 -50 -5 20 -30 20 0 2 0 20 -1 -10 0 5 20 0 -50 -30 5 30 50 10 0
-0.23182957393483705: 20 -10 20 0 -30 -2 -50 -5 20 -30 20 0 2 0 20 -1 -10 0 5 20 0 -50 -30 5 30 50 10 0
-0.23182957393483705: 20 -10 20 0 -30 -2 -50 -5 20 -30 20 0 2 0 20 -1 -10 0 5 20 0 -50 -30 5 30 50 10 0
-0.23182957393483705: 20 -10 20 0 -30 -2 -50 -5 20 -30 20 0 2 0 20 -1 -10 0 5 20 0 -50 -30 5 30 50 10 0
-0.23182957393483705: 20 -10 20 0 -30 -2 -50 -5 20 -30 20 0 2 0 20 -1 -10 0 5 20 0 -50 -30 5 30 50 10 0
-0.23182957393483705: 20 -10 20 0 -30 -2 -50 -5 20 -30 20 0 2 0 20 -1 -10 0 5 20 0 -50 -30 5 30 50 10 0
