TrainingAccuracy: 0.9
TestAccuracy: 0.8120145971741368
infeasible
infeasible
no_sol
no_sol
no_sol
no_sol
no_sol
no_sol
no_sol
no_sol
no_sol
no_sol
no_sol
no_sol
no_sol
0.033157894736842164: 1 -2 0 0 0 -2 0 -5 5 -2 0 2 0 -50 20 0 0 -2 0 -30 50 0 0 0 0 2 30 0 0 0 0 0 0 -30 0 0 -50
-0.0368421052631579: 0 -2 0 0 0 0 10 0 0 -2 0 30 -2 -50 10 0 0 -20 0 -50 50 0 0 0 -30 5 0 -2 0 -2 0 5 0 0 30 0 -50
-0.16210526315789464: 1 -20 0 0 0 0 5 0 0 -5 0 0 -2 -50 30 0 0 -5 0 -50 50 -50 0 20 -30 0 0 0 5 0 5 5 0 0 30 0 -50
-0.17210526315789465: 1 -20 0 0 0 0 5 0 0 -5 0 0 0 -50 30 0 0 -2 0 0 50 -30 0 20 -30 0 -2 0 5 0 10 20 0 -2 30 2 -50
-0.18210526315789466: 1 -20 0 0 0 0 5 0 0 -5 0 0 -2 -50 30 0 0 -2 0 0 50 -30 0 20 -30 0 -2 0 5 0 10 20 0 -2 30 2 -50
-0.18210526315789466: 1 -20 0 0 0 0 5 0 0 -5 0 0 -2 -50 30 0 0 -2 0 0 50 -30 0 20 -30 0 -2 0 5 0 10 20 0 -2 30 2 -50
-0.18210526315789466: 1 -20 0 0 0 0 5 0 0 -5 0 0 -2 -50 30 0 0 -2 0 0 50 -30 0 20 -30 0 -2 0 5 0 10 20 0 -2 30 2 -50
-0.18210526315789466: 1 -20 0 0 0 0 5 0 0 -5 0 0 -2 -50 30 0 0 -2 0 0 50 -30 0 20 -30 0 -2 0 5 0 10 20 0 -2 30 2 -50
-0.22473684210526312: 1 -10 -2 -2 0 2 10 0 0 -5 0 5 0 -50 30 0 0 -5 0 -5 50 5 0 20 -30 0 -2 0 5 0 -2 20 0 -2 30 2 -50
-0.22473684210526312: 1 -10 -2 -2 0 2 10 0 0 -5 0 5 0 -50 30 0 0 -5 0 -5 50 5 0 20 -30 0 -2 0 5 0 -2 20 0 -2 30 2 -50
-0.22473684210526312: 1 -10 -2 -2 0 2 10 0 0 -5 0 5 0 -50 30 0 0 -5 0 -5 50 5 0 20 -30 0 -2 0 5 0 -2 20 0 -2 30 2 -50
-0.23473684210526313: -1 -5 2 0 0 0 5 -20 20 -5 0 20 -10 -50 30 0 0 -20 0 -50 50 -20 -10 0 -30 0 -2 0 20 0 5 30 2 -5 10 20 -50
-0.23473684210526313: -1 -5 2 0 0 0 5 -20 20 -5 0 20 -10 -50 30 0 0 -20 0 -50 50 -20 -10 0 -30 0 -2 0 20 0 5 30 2 -5 10 20 -50
-0.23473684210526313: -1 -5 2 0 0 0 5 -20 20 -5 0 20 -10 -50 30 0 0 -20 0 -50 50 -20 -10 0 -30 0 -2 0 20 0 5 30 2 -5 10 20 -50
-0.24736842105263157: 0 -20 -2 -2 -20 -2 5 0 0 -2 0 30 -10 -50 30 0 0 -30 0 -30 50 -10 -50 -2 -30 10 5 0 20 -5 -30 20 0 -2 50 30 -50
-0.24736842105263157: 0 -20 -2 -2 -20 -2 5 0 0 -2 0 30 -10 -50 30 0 0 -30 0 -30 50 -10 -50 -2 -30 10 5 0 20 -5 -30 20 0 -2 50 30 -50
-0.24736842105263157: 0 -20 -2 -2 -20 -2 5 0 0 -2 0 30 -10 -50 30 0 0 -30 0 -30 50 -10 -50 -2 -30 10 5 0 20 -5 -30 20 0 -2 50 30 -50
-0.24736842105263157: 0 -20 -2 -2 -20 -2 5 0 0 -2 0 30 -10 -50 30 0 0 -30 0 -30 50 -10 -50 -2 -30 10 5 0 20 -5 -30 20 0 -2 50 30 -50
-0.24736842105263157: 0 -20 -2 -2 -20 -2 5 0 0 -2 0 30 -10 -50 30 0 0 -30 0 -30 50 -10 -50 -2 -30 10 5 0 20 -5 -30 20 0 -2 50 30 -50
-0.24736842105263157: 0 -20 -2 -2 -20 -2 5 0 0 -2 0 30 -10 -50 30 0 0 -30 0 -30 50 -10 -50 -2 -30 10 5 0 20 -5 -30 20 0 -2 50 30 -50
-0.24736842105263157: 0 -20 -2 -2 -20 -2 5 0 0 -2 0 30 -10 -50 30 0 0 -30 0 -30 50 -10 -50 -2 -30 10 5 0 20 -5 -30 20 0 -2 50 30 -50
-0.24736842105263157: 0 -20 -2 -2 -20 -2 5 0 0 -2 0 30 -10 -50 30 0 0 -30 0 -30 50 -10 -50 -2 -30 10 5 0 20 -5 -30 20 0 -2 50 30 -50
