TrainingAccuracy: 0.718
TestAccuracy: 0.6569854036341972
no_sol
no_sol
no_sol
no_sol
no_sol
no_sol
no_sol
no_sol
0.22181372549019607: 50 0 0 0 -2 -30 0 0 5 0 -2 0 -50 0 0 0 0 0 0 0 0 0 -2 0 10 50 0 0
0.16911764705882348: 0 0 -2 -2 -2 -50 0 0 5 0 0 0 -50 0 0 0 0 0 0 0 0 0 -2 0 30 30 2 0
0.08639705882352944: 0 0 0 0 -30 -30 -30 -20 20 -10 0 0 -50 0 0 0 0 0 0 0 0 0 0 30 50 20 0 -5
0.07046568627450989: 0 0 0 0 -30 -50 0 -50 10 -5 0 0 -50 0 0 2 0 0 -10 0 0 0 0 30 50 50 5 0
0.01593137254901955: 50 0 0 0 -2 -20 -30 -2 5 -2 0 0 -50 0 5 0 0 0 -2 0 0 0 -5 0 0 50 5 0
0.012867647058823484: 0 0 5 0 -30 -30 -20 -30 20 0 20 0 0 0 30 0 0 0 2 20 0 0 -30 0 5 50 5 0
-0.04227941176470584: 30 0 0 30 -50 0 -50 -50 30 -20 0 0 -50 0 0 -30 0 0 10 0 0 0 0 30 50 50 20 -5
-0.08823529411764708: 50 -20 -10 0 -30 -30 -50 0 10 0 20 0 -20 0 30 -1 0 0 0 -5 0 0 0 30 50 10 5 0
-0.09865196078431371: 50 -20 -10 0 -30 -30 -50 5 10 0 20 0 -20 0 30 -1 0 0 0 -5 0 0 0 30 50 10 5 0
-0.125: 50 -10 -2 2 -20 -20 -30 -5 5 0 20 0 -20 0 30 0 0 0 -20 0 0 0 0 30 50 5 10 -1
-0.13541666666666663: 50 -5 -5 2 -30 -30 -50 0 10 0 30 0 -30 0 50 0 0 0 -10 20 0 0 -20 20 50 10 20 -1
-0.14828431372549017: 50 -20 5 20 -50 2 -50 -5 20 -20 2 0 -30 0 5 2 0 0 -10 0 0 0 -30 0 5 20 5 30
-0.14828431372549017: 50 -20 5 20 -50 2 -50 -5 20 -20 2 0 -30 0 5 2 0 0 -10 0 0 0 -30 0 5 20 5 30
-0.14828431372549017: 50 -20 5 20 -50 2 -50 -5 20 -20 2 0 -30 0 5 2 0 0 -10 0 0 0 -30 0 5 20 5 30
-0.14828431372549017: 50 -20 5 20 -50 2 -50 -5 20 -20 2 0 -30 0 5 2 0 0 -10 0 0 0 -30 0 5 20 5 30
-0.14828431372549017: 50 -20 5 20 -50 2 -50 -5 20 -20 2 0 -30 0 5 2 0 0 -10 0 0 0 -30 0 5 20 5 30
-0.14828431372549017: 50 -20 5 20 -50 2 -50 -5 20 -20 2 0 -30 0 5 2 0 0 -10 0 0 0 -30 0 5 20 5 30
-0.14828431372549017: 50 -20 5 20 -50 2 -50 -5 20 -20 2 0 -30 0 5 2 0 0 -10 0 0 0 -30 0 5 20 5 30
-0.14828431372549017: 50 -20 5 20 -50 2 -50 -5 20 -20 2 0 -30 0 5 2 0 0 -10 0 0 0 -30 0 5 20 5 30
-0.14828431372549017: 50 -20 5 20 -50 2 -50 -5 20 -20 2 0 -30 0 5 2 0 0 -10 0 0 0 -30 0 5 20 5 30
