TrainingAccuracy: 0.724
TestAccuracy: 0.6464104855525767
infeasible
infeasible
infeasible
infeasible
infeasible
infeasible
infeasible
infeasible
0.2991863668396438: 50 0 -2 0 -2 -30 0 0 5 0 0 0 -50 0 0 0 0 0 0 0 0 0 -2 0 10 50 0 0
0.28499583573579346: 0 0 -2 -2 -2 -50 0 0 5 0 0 0 -50 0 0 0 0 0 0 0 0 0 -2 0 30 30 2 0
0.19588058171567685: 0 0 0 0 -30 -30 -30 -20 20 -10 0 0 -50 0 0 0 0 0 0 0 0 0 0 30 50 20 0 -5
0.1620539432378756: 0 0 0 0 -30 -50 0 -50 10 -5 0 0 -50 0 0 2 0 0 -10 0 0 0 0 30 50 50 5 0
0.10859119738612344: 50 0 0 0 -2 -20 -30 -2 5 -2 0 0 -50 0 5 0 0 0 -2 0 0 0 -5 0 0 50 5 0
0.09721955282208983: 0 0 5 0 -30 -30 -20 -30 20 0 20 0 0 0 30 0 0 0 2 20 0 0 -30 0 5 50 5 0
0.0749887885194439: 30 0 0 30 -50 0 -50 -50 30 -20 0 0 -50 0 0 -30 0 0 10 0 0 0 0 30 50 50 20 -5
0.035204048946120836: 50 -20 -10 0 -30 -30 -50 0 10 0 20 0 -20 0 30 -1 0 0 0 -5 0 0 0 30 50 10 5 0
0.0274521109616247: 50 -20 -10 0 -30 -30 -50 5 10 0 20 0 -20 0 30 -1 0 0 0 -5 0 0 0 30 50 10 5 0
-0.00611826510346597: 50 -10 -2 2 -20 -20 -30 -5 5 0 20 0 -20 0 30 0 0 0 -20 0 0 0 0 30 50 5 10 -1
-0.013870203087962107: 50 -5 -5 2 -30 -30 -50 0 10 0 30 0 -30 0 50 0 0 0 -10 20 0 0 -20 20 50 10 20 -1
-0.032192965596771095: 50 -20 5 20 -50 2 -50 -5 20 -20 2 0 -30 0 5 2 0 0 -10 0 0 0 -30 0 5 20 5 30
-0.04458965981164714: 30 -20 5 20 -50 2 -50 -5 20 -20 2 0 -30 0 5 2 -10 0 -10 0 0 0 -30 0 5 20 5 30
-0.04458965981164714: 30 -20 5 20 -50 2 -50 -5 20 -20 2 0 -30 0 5 2 -10 0 -10 0 0 0 -30 0 5 20 5 30
-0.04484592222435774: 30 -20 5 20 -50 2 -50 -5 20 -20 2 0 -30 0 5 2 0 10 -10 0 -50 0 -30 0 5 20 5 30
-0.04484592222435774: 30 -20 5 20 -50 2 -50 -5 20 -20 2 0 -30 0 5 2 0 10 -10 0 -50 0 -30 0 5 20 5 30
-0.04484592222435774: 30 -20 5 20 -50 2 -50 -5 20 -20 2 0 -30 0 5 2 0 10 -10 0 -50 0 -30 0 5 20 5 30
-0.04484592222435774: 30 -20 5 20 -50 2 -50 -5 20 -20 2 0 -30 0 5 2 0 10 -10 0 -50 0 -30 0 5 20 5 30
-0.05932474854250752: 50 -20 5 20 -50 2 -50 -5 20 -20 2 0 -30 0 30 2 0 0 -10 0 0 0 -30 0 5 20 5 30
-0.05932474854250752: 50 -20 5 20 -50 2 -50 -5 20 -20 2 0 -30 0 30 2 0 0 -10 0 0 0 -30 0 5 20 5 30
