TrainingAccuracy: 0.806
TestAccuracy: 0.7861357932578172
infeasible
infeasible
infeasible
no_sol
no_sol
no_sol
-0.0004926108374384286: 0 0 0 0 0 -30 0 -50 50 0 -30 50 0 0 0 0 0 0 0 20 0 -30
-0.05582922824302135: 0 0 0 0 -2 0 0 0 2 0 0 2 5 -5 0 0 0 0 0 2 2 -5
-0.07881773399014778: 0 0 0 0 -5 -2 2 -2 20 0 0 10 0 0 0 0 0 0 0 5 10 -30
-0.15041050903119868: 0 0 0 0 -5 2 0 -1 20 5 -30 30 0 20 0 0 0 0 0 0 30 -50
-0.15041050903119868: 0 0 0 0 -5 2 0 -1 20 5 -30 30 0 20 0 0 0 0 0 0 30 -50
-0.15123152709359605: 0 0 0 0 -5 2 0 -1 20 5 -30 30 20 -5 0 0 0 0 0 2 30 -50
-0.15599343185550082: 0 0 0 0 -5 2 0 -1 20 5 -30 30 20 -5 0 0 2 0 0 0 30 -50
-0.158128078817734: 5 0 0 0 -10 -2 0 -2 30 0 -30 30 20 -5 -5 -5 0 5 0 0 30 -50
-0.20032840722495895: 2 -1 0 -1 -5 20 0 0 30 0 -30 30 0 0 2 -5 -5 0 0 2 30 -50
-0.20032840722495895: 2 -1 0 -1 -5 20 0 0 30 0 -30 30 0 0 2 -5 -5 0 0 2 30 -50
-0.20032840722495895: 2 -1 0 -1 -5 20 0 0 30 0 -30 30 0 0 2 -5 -5 0 0 2 30 -50
-0.20032840722495895: 2 -1 0 -1 -5 20 0 0 30 0 -30 30 0 0 2 -5 -5 0 0 2 30 -50
-0.20032840722495895: 2 -1 0 -1 -5 20 0 0 30 0 -30 30 0 0 2 -5 -5 0 0 2 30 -50
-0.2085385878489327: 2 -1 0 -1 -5 20 10 10 20 -5 -20 20 10 5 2 -5 -5 -2 0 5 30 -50
-0.2085385878489327: 2 -1 0 -1 -5 20 10 10 20 -5 -20 20 10 5 2 -5 -5 -2 0 5 30 -50
-0.2085385878489327: 2 -1 0 -1 -5 20 10 10 20 -5 -20 20 10 5 2 -5 -5 -2 0 5 30 -50
